5.619434226498815406e+02
1.398180109184313551e+02
3.316231337536828505e+01
8.341983159631126910e+00
2.032479025529937644e+00
5.024950373317551566e-01
1.235905156381704728e-01
3.040699085613596253e-02
7.496838889892387670e-03
1.842243304963631090e-03
4.544575995168997906e-04
1.116490020649507642e-04
2.754479828581679612e-05
6.766996193618979305e-06
1.669434823270421475e-06
4.101539161638356745e-07
1.011812855722382665e-07
2.485739969415590167e-08
6.133632268756628036e-09
1.508851710241287947e-09
3.719833330251276493e-10
9.276845958083868027e-11
