5.690418005165329305e+02
1.213400377154830494e+02
2.518199577642099030e+01
5.320100441966133076e+00
1.125195978753254167e+00
2.356355313195308554e-01
4.995774396229535341e-02
1.046733654584386386e-02
2.216485245298827067e-03
4.651261915569193661e-04
9.836278331931680441e-05
2.066627894237171859e-05
4.366259418020490557e-06
9.181312634609639645e-07
1.938478817464783788e-07
4.078447091160342097e-08
8.607457857578992844e-09
1.812622940633445978e-09
3.819877747446298599e-10
8.276401786133646965e-11
