1.173333060394111271e+02
4.231537548207688815e+01
1.872118625601478925e+01
7.242597889366606978e+00
3.151236924710246967e+00
1.225042536425917206e+00
5.290269451616040897e-01
2.071116636493570695e-01
8.882486607217288110e-02
3.502890095387556357e-02
1.493711761895610834e-02
5.926035918037086958e-03
2.516920431844482664e-03
1.002840987439412856e-03
4.250488404977659229e-04
1.698089217825327069e-04
7.196458818725659512e-05
2.878730492739123292e-05
1.222286391566740349e-05
4.890440322924405336e-06
2.084674179059220478e-06
8.336551218235399574e-07
3.575901246222201735e-07
1.428788891644217074e-07
6.182835932122543454e-08
2.468959792167879641e-08
1.081070877262391150e-08
4.316916601965203881e-09
1.917214831337332726e-09
7.694325176998972893e-10
3.487912181299179792e-10
1.391526893712580204e-10
6.457412382587790489e-11
