4.880438814993684699e-04
4.810597593075687959e-04
4.741228121254848610e-04
4.672331227235023169e-04
4.603907735139364712e-04
4.535958465498270338e-04
4.468484235237760150e-04
4.401485857668784312e-04
4.334964138683482953e-04
4.268919891871549737e-04
4.203353915882820165e-04
4.138267009456471249e-04
4.073659967662795144e-04
4.009533581891561323e-04
3.945888639841961141e-04
3.882725925511662274e-04
3.820046219187391338e-04
3.757850297432939902e-04
3.696138933082138318e-04
3.634912895224343674e-04
3.574172952723317690e-04
3.513919860150577397e-04
3.454154378797314557e-04
3.394877262690701902e-04
3.336089262067305555e-04
3.277791123366190587e-04
3.219983589215622195e-04
3.162667398428299008e-04
3.105843285990005282e-04
3.049511983051790011e-04
2.993674216919401374e-04
2.938330711047552391e-04
2.883482185028023431e-04
2.829129354584581095e-04
2.775272931562027781e-04
2.721913620804958722e-04
2.669052132579431040e-04
2.616689163962289226e-04
2.564825411206067530e-04
2.513461566645891813e-04
2.462598318691493313e-04
2.412236351819686722e-04
2.362376346566723035e-04
2.313018979522050511e-04
2.264164923319194635e-04
2.215814846630450403e-04
2.167969417005040367e-04
2.120629289504613981e-04
2.073795123695308304e-04
2.027467572334429823e-04
1.981647284182326823e-04
1.936334903998465932e-04
1.891531072535580413e-04
1.847236426528927884e-04
1.803451598696831338e-04
1.760177217728529301e-04
1.717413908284200772e-04
1.675162290983958397e-04
1.633422982406032163e-04
1.592196595079339362e-04
1.551483737479111998e-04
1.511285014020999004e-04
1.471601022681742017e-04
1.432432364480924259e-04
1.393779629264723546e-04
1.355643405161253523e-04
1.318024276216596359e-04
1.280922822387888513e-04
1.244339619539414630e-04
1.208275239438882757e-04
1.172730249753448718e-04
1.137705216139665415e-04
1.103200693867362393e-04
1.069217240362378810e-04
1.035755406848027130e-04
1.002815740427332537e-04
9.703987840786806732e-05
9.385050766537745962e-05
9.071351528748776546e-05
8.762895433295624244e-05
8.459687744695011463e-05
8.161733686067992248e-05
7.869038439112744233e-05
7.581607144081660800e-05
7.299444899751248209e-05
7.022556763397272970e-05
6.750947750775068668e-05
6.484622836095522242e-05
6.223586936278987635e-05
5.967844973869553096e-05
5.717401782571684640e-05
5.472262170217911985e-05
5.232430903008223390e-05
4.997912705485230644e-05
4.768712260524010090e-05
4.544834209324446811e-05
4.326283151387966963e-05
4.113063657582904443e-05
3.905180217777451249e-05
3.702637319483113843e-05
3.505439395339760039e-05
3.313590836252906894e-05
3.127095991388365427e-05
2.945959168165281059e-05
2.770184632262623237e-05
2.599776607606363727e-05
2.434739276376818702e-05
2.275076779004101522e-05
2.120793214174546636e-05
1.971892638830870519e-05
1.828379068175666188e-05
1.690256475673470983e-05
1.557528793068538330e-05
1.430199910376822104e-05
1.308273675907550891e-05
1.191753889124115830e-05
1.080644329419401726e-05
9.749487126864527238e-06
8.746707204863808354e-06
7.798139927239226271e-06
6.903821276632186818e-06
6.063786819516851046e-06
5.278071706204281458e-06
4.546710716197082052e-06
3.869738075541725566e-06
3.247187735099033495e-06
2.679093182892734126e-06
2.165487491851972315e-06
1.706403320112550197e-06
1.301872911241382865e-06
9.519280944612216119e-07
6.566002849752020167e-07
4.159204841846198737e-07
2.299192800294836475e-07
9.862684723306237393e-08
2.207294765780378324e-08
2.869305937665464492e-10
3.329773309915953560e-08
1.211338803366601198e-07
2.638234859237848047e-07
4.613942522851981073e-07
7.138734710403068740e-07
1.021288045022337116e-06
1.383664406063883051e-06
1.801028633409247772e-06
2.273406379318952871e-06
2.800822887216570707e-06
3.383302992129257779e-06
4.020871078087934962e-06
4.713551246333501043e-06
5.461367070662040216e-06
6.264341757039063529e-06
7.122498105334477430e-06
8.035858509797925105e-06
9.004444959634859516e-06
1.002827903935713118e-05
1.110738192945169529e-05
1.224177440682264428e-05
1.343147684539389894e-05
1.467650921653834066e-05
1.597689108977365242e-05
1.733264163322776336e-05
1.874377961423470093e-05
2.021032339993019902e-05
2.173229095786612886e-05
2.330969985651876628e-05
2.494256726604371824e-05
2.663090995873450989e-05
2.837474442599766854e-05
3.017408641988605792e-05
3.202895163368665285e-05
3.393935525497212229e-05
3.590531207670952913e-05
3.792683649799396238e-05
4.000394238407860590e-05
4.213664362316479900e-05
4.432495330239696727e-05
4.656888425224323721e-05
4.886844891267238232e-05
5.122365933404152046e-05
5.363452717772562196e-05
5.610106371686243102e-05
5.862327983721006287e-05
6.120118603774336917e-05
6.383479243149269716e-05
6.652410874633171158e-05
6.926914432574919080e-05
7.206990812956100203e-05
7.492640873488802457e-05
7.783865433669922673e-05
8.080665274889455333e-05
8.383041140486247674e-05
8.690993735860301343e-05
9.004523728520565388e-05
9.323631748200989259e-05
9.648318409163800192e-05
9.978584222150553031e-05
1.031442972549077549e-04
1.065585539863297157e-04
1.100286165994003335e-04
1.135544896079136506e-04
1.171361764594047169e-04
1.207736804592383575e-04
1.244670045429211195e-04
1.282161512768169266e-04
1.320211228592535480e-04
1.358819211211904671e-04
1.397985475275077404e-04
1.437710031775169819e-04
1.477992888062840083e-04
1.518834047854688250e-04
1.560233511241182318e-04
1.602191274698479826e-04
1.644707331097878308e-04
1.687781669714411925e-04
1.731414276237424883e-04
1.775605132779967392e-04
1.820354217891649974e-04
1.865661506563492283e-04
1.911526970242500201e-04
1.957950576840309103e-04
2.004932294005600099e-04
2.052472076183342630e-04
2.100569883906416261e-04
2.149225671046571930e-04
2.198439384526111422e-04
2.248210978088279258e-04
2.298540391822522899e-04
2.349427565730001326e-04
2.400872436370811794e-04
2.452874936873147274e-04
2.505434996947096993e-04
2.558552542892823215e-04
2.612227497614526034e-04
2.666459780625262928e-04
2.721249308066083297e-04
2.776595992710764261e-04
2.832499743980747709e-04
2.888960467953214360e-04
2.945978067373617132e-04
3.003552441670097242e-04
3.061683486957105437e-04
3.120371096057127785e-04
3.179615158500999003e-04
3.239415560545505024e-04
3.299772185188647481e-04
3.360684912170405899e-04
3.422153622334629945e-04
3.484178180396939892e-04
3.546758460635396370e-04
3.609894325393479082e-04
3.673585647221122553e-04
3.737832282206777980e-04
3.802634087657811939e-04
3.867990917723194066e-04
3.933902623402493227e-04
4.000369052563108744e-04
4.067390049952160293e-04
4.134965457200528191e-04
4.203095112846841905e-04
4.271778852340166167e-04
4.341016508056897176e-04
4.410807909308504349e-04
4.481152882361034030e-04
4.552051250439427869e-04
4.623502833744408185e-04
4.695507449462318732e-04
4.768064911779938144e-04
4.841175031898515484e-04
4.914837618036571815e-04
4.989052475452897218e-04
5.063819406454626469e-04
5.139138210411571105e-04
5.215008683763206572e-04
5.291430625629615784e-04
5.368403815598970846e-04
5.445928041132510212e-04
5.524003098393331012e-04
5.602628763801302059e-04
5.681804816501653333e-04
5.761531032802684905e-04
5.841807186188835909e-04
5.922633047329173847e-04
6.004008384093604492e-04
6.085932961561688623e-04
6.168406542045495921e-04
6.251428885088848196e-04
6.334999747486502178e-04
6.419118883298691918e-04
6.503786043862498818e-04
6.589000977805407411e-04
6.674763431056724176e-04
6.761073146854867716e-04
6.847929865774907490e-04
6.935333325729709820e-04
7.023283261984390301e-04
7.111779407171653095e-04
7.200821491305562467e-04
7.290409241791065333e-04
7.380542383442579906e-04
7.471220645249068140e-04
7.562443726676486852e-04
7.654211364943069211e-04
7.746523267936622492e-04
7.839379147697226029e-04
7.932778713741593527e-04
8.026721673090066438e-04
8.121207730266146677e-04
8.216236587320527958e-04
8.311807943843347278e-04
8.407921496966960480e-04
8.504576941390034305e-04
8.601773969388020868e-04
8.699512270823346995e-04
8.797791533158774843e-04
8.896611441474809850e-04
8.995971678478948980e-04
9.095871924519446840e-04
9.196311857599905786e-04
9.297291153386605129e-04
9.398809485235542225e-04
9.500866524187621866e-04
9.603461938994270562e-04
9.706595396127693084e-04
9.810266559789561271e-04
9.914475091932818413e-04
1.001922066022902782e-03
1.012450289824850559e-03
1.023032148518646274e-03
1.033667606612922053e-03
1.044356629195184859e-03
1.055099181136324137e-03
1.065895227089819685e-03
1.076744731494816681e-03
1.087647658577387683e-03
1.098603972350483196e-03
1.109613636616461766e-03
1.120676614967925028e-03
1.131792870789390636e-03
1.142962367258082207e-03
1.154185067345481252e-03
1.165460933818904254e-03
1.176789929241820994e-03
1.188172015976904621e-03
1.199607156185584318e-03
1.211095311830053672e-03
1.222636444674923004e-03
1.234230516288022756e-03
1.245877488041647295e-03
1.257577321114364440e-03
1.269329976491889115e-03
1.281135414968245833e-03
1.292993596212044238e-03
1.304904483429311082e-03
1.316868034072309762e-03
1.328884209102102615e-03
1.340952968375588991e-03
1.353074271564812855e-03
1.365248078160178529e-03
1.377474347470676206e-03
1.389753038625402655e-03
1.402084110574477365e-03
1.414467522091578935e-03
1.426903231773408390e-03
1.439391198042523721e-03
1.451931379147344218e-03
1.464523733164934923e-03
1.477168218000432217e-03
1.489864791389746519e-03
1.502613410900233409e-03
1.515414033932420759e-03
1.528266617720173536e-03
1.541171119333044131e-03
1.554127495677695920e-03
1.567135703497492998e-03
1.580195699375849284e-03
1.593307439735992381e-03
1.606470880843221096e-03
1.619685977724967009e-03
1.632952689539017913e-03
1.646270968909197040e-03
1.659640772526353638e-03
1.673062055881805376e-03
1.686534774316176448e-03
1.700058883019832118e-03
1.713634337034692159e-03
1.727261091255504356e-03
1.740939100430778869e-03
1.754668319164345803e-03
1.768448701915701065e-03
1.782280203002877331e-03
1.796162776601646508e-03
1.810096376748475053e-03
1.824080957340379989e-03
1.838116472137145017e-03
1.852202874762169660e-03
1.866340118702622787e-03
1.880528157312860889e-03
1.894766943814025833e-03
1.909056431294613859e-03
1.923396572714335768e-03
1.937787320901862868e-03
1.952228628558589588e-03
1.966720447055277272e-03
1.981262731220376043e-03
1.995855433404186176e-03
2.010498503426604543e-03
2.025191894542441393e-03
2.039935558709372269e-03
2.054729447764116514e-03
2.069573513423573086e-03
2.084467707289226757e-03
2.099411980844146600e-03
2.114406285456425956e-03
2.129450572380445737e-03
2.144544792756365292e-03
2.159688897613590113e-03
2.174882837869882794e-03
2.190126564332955505e-03
2.205420027702440638e-03
2.220763178570425538e-03
2.236155967422260010e-03
2.251598344638345260e-03
2.267090260494226701e-03
2.282631665163270627e-03
2.298222508715982038e-03
2.313862741122831804e-03
2.329552312253116951e-03
2.345291171879300505e-03
2.361079268316430141e-03
2.376916553828734794e-03
2.392802976568421912e-03
2.408738487291482884e-03
2.424723032584875058e-03
2.440756562989834962e-03
2.456839027616828687e-03
2.472970375485995277e-03
2.489150555529678552e-03
2.505379516590111252e-03
2.521657207424101398e-03
2.537983576701691776e-03
2.554358573008609808e-03
2.570782144846183847e-03
2.587254240633532400e-03
2.603774808707363334e-03
2.620343797323858217e-03
2.636961154659201844e-03
2.653626828811120504e-03
2.670340767799538138e-03
2.687102919567829241e-03
2.703913231982833180e-03
2.720771652838059520e-03
2.737678129851377380e-03
2.754632610670136334e-03
2.771635041381365072e-03
2.788685372430480935e-03
2.805783549795932367e-03
2.822929520842894918e-03
2.840123234377907660e-03
2.857364634645101920e-03
2.874653670286548505e-03
2.891990288402469106e-03
2.909374436027606110e-03
2.926806060134463060e-03
2.944285107634673354e-03
2.961811525376454538e-03
2.979385260149439510e-03
2.997006258682992971e-03
3.014674467649672198e-03
3.032389833662106279e-03
3.050152303279827885e-03
3.067961823003151432e-03
3.085818339280055594e-03
3.103721798504685808e-03
3.121672147017330850e-03
3.139669331106898290e-03
3.157713297011517737e-03
3.175803990918544747e-03
3.193941358966859764e-03
3.212125347246281779e-03
3.230355900149044137e-03
3.248632966936758522e-03
3.266956491944107959e-03
3.285326421076111350e-03
3.303742701847120055e-03
3.322205276803825037e-03
3.340714093341542665e-03
3.359269097194915975e-03
3.377870234057428651e-03
3.396517449583425115e-03
3.415210689388030289e-03
3.433949899048894302e-03
3.452735024105665993e-03
3.471566010061777514e-03
3.490442802385494703e-03
3.509365346509092220e-03
3.528333587833082808e-03
3.547347471722436460e-03
3.566406943511271979e-03
3.585511948501596702e-03
