1.330001295352723218e+02
1.330314642834662209e+02
1.330627990316601199e+02
1.330941337798540474e+02
1.331254685280479464e+02
1.331568032762418454e+02
1.331881380244357445e+02
1.332194727726296435e+02
1.332508075208235709e+02
1.332821422690174700e+02
1.333134770172113690e+02
1.333448117654052680e+02
1.333761465135991671e+02
1.334074812617930661e+02
1.334388160099869935e+02
1.334701507581808926e+02
1.335014855063747916e+02
1.335328202545686906e+02
1.335641550027625897e+02
1.335954897509565171e+02
1.336268244991504162e+02
1.336581592473443152e+02
1.336894939955382142e+02
1.337208287437321133e+02
1.337521634919260407e+02
1.337834982401199397e+02
1.338148329883138388e+02
1.338461677365077378e+02
1.338775024847016368e+02
1.339088372328955643e+02
1.339401719810894633e+02
1.339715067292833623e+02
1.340028414774772614e+02
1.340341762256711604e+02
1.340655109738650879e+02
1.340968457220589869e+02
1.341281804702528859e+02
1.341595152184467850e+02
1.341908499666406840e+02
1.342221847148346114e+02
1.342535194630285105e+02
1.342848542112224095e+02
1.343161889594163085e+02
1.343475237076102076e+02
1.343788584558041066e+02
1.344101932039980341e+02
1.344415279521919331e+02
1.344728627003858321e+02
1.345041974485797311e+02
1.345355321967736302e+02
1.345668669449675576e+02
1.345982016931614567e+02
1.346295364413553557e+02
1.346608711895492547e+02
1.346922059377431538e+02
1.347235406859370812e+02
1.347548754341309802e+02
1.347862101823248793e+02
1.348175449305187783e+02
1.348488796787126773e+02
1.348802144269066048e+02
1.349115491751005038e+02
1.349428839232944028e+02
1.349742186714883019e+02
1.350055534196822009e+02
1.350368881678760999e+02
1.350682229160700274e+02
1.350995576642639264e+02
1.351308924124578255e+02
1.351622271606517245e+02
1.351935619088456235e+02
1.352248966570395510e+02
1.352562314052334500e+02
1.352875661534273490e+02
1.353189009016212481e+02
1.353502356498151471e+02
1.353815703980090746e+02
1.354129051462029736e+02
1.354442398943968726e+02
1.354755746425907716e+02
1.355069093907846707e+02
1.355382441389785981e+02
1.355695788871724972e+02
1.356009136353663962e+02
1.356322483835602952e+02
1.356635831317541943e+02
1.356949178799481217e+02
1.357262526281420207e+02
1.357575873763359198e+02
1.357889221245298188e+02
1.358202568727237178e+02
1.358515916209176453e+02
1.358829263691115443e+02
1.359142611173054433e+02
1.359455958654993424e+02
1.359769306136932414e+02
1.360082653618871404e+02
1.360396001100810679e+02
1.360709348582749669e+02
1.361022696064688660e+02
1.361336043546627650e+02
1.361649391028566640e+02
1.361962738510505915e+02
1.362276085992444905e+02
1.362589433474383895e+02
1.362902780956322886e+02
1.363216128438261876e+02
1.363529475920201151e+02
1.363842823402140141e+02
1.364156170884079131e+02
1.364469518366018121e+02
1.364782865847957112e+02
1.365096213329896386e+02
1.365409560811835377e+02
1.365722908293774367e+02
1.366036255775713357e+02
1.366349603257652348e+02
1.366662950739591622e+02
1.366976298221530612e+02
1.367289645703469603e+02
1.367602993185408593e+02
1.367916340667347583e+02
1.368229688149286574e+02
1.368543035631225848e+02
1.368856383113164839e+02
1.369169730595103829e+02
1.369483078077042819e+02
1.369796425558981809e+02
1.370109773040921084e+02
1.370423120522860074e+02
1.370736468004799065e+02
1.371049815486738055e+02
1.371363162968677045e+02
1.371676510450616320e+02
1.371989857932555310e+02
1.372303205414494300e+02
1.372616552896433291e+02
1.372929900378372281e+02
1.373243247860311556e+02
1.373556595342250546e+02
1.373869942824189536e+02
1.374183290306128526e+02
1.374496637788067517e+02
1.374809985270006791e+02
1.375123332751945782e+02
1.375436680233884772e+02
1.375750027715823762e+02
1.376063375197762753e+02
1.376376722679701743e+02
1.376690070161641017e+02
1.377003417643580008e+02
1.377316765125518998e+02
1.377630112607457988e+02
1.377943460089396979e+02
1.378256807571336253e+02
1.378570155053275244e+02
1.378883502535214234e+02
1.379196850017153224e+02
1.379510197499092214e+02
1.379823544981031489e+02
1.380136892462970479e+02
1.380450239944909470e+02
1.380763587426848460e+02
1.381076934908787450e+02
1.381390282390726725e+02
1.381703629872665715e+02
1.382016977354604705e+02
1.382330324836543696e+02
1.382643672318482686e+02
1.382957019800421676e+02
1.383270367282360951e+02
1.383583714764299941e+02
1.383897062246238931e+02
1.384210409728177922e+02
1.384523757210116912e+02
1.384837104692056187e+02
1.385150452173995177e+02
1.385463799655934167e+02
1.385777147137873158e+02
1.386090494619812148e+02
1.386403842101751422e+02
1.386717189583690413e+02
1.387030537065629403e+02
1.387343884547568393e+02
1.387657232029507384e+02
1.387970579511446658e+02
1.388283926993385649e+02
1.388597274475324639e+02
1.388910621957263629e+02
1.389223969439202619e+02
1.389537316921141894e+02
1.389850664403080884e+02
1.390164011885019875e+02
1.390477359366958865e+02
1.390790706848897855e+02
1.391104054330837130e+02
1.391417401812776120e+02
1.391730749294715110e+02
1.392044096776654101e+02
1.392357444258593091e+02
1.392670791740532081e+02
1.392984139222471356e+02
1.393297486704410346e+02
1.393610834186349337e+02
1.393924181668288327e+02
1.394237529150227317e+02
1.394550876632166592e+02
1.394864224114105582e+02
1.395177571596044572e+02
1.395490919077983563e+02
1.395804266559922553e+02
1.396117614041861827e+02
1.396430961523800818e+02
1.396744309005739808e+02
1.397057656487678798e+02
1.397371003969617789e+02
1.397684351451557063e+02
1.397997698933496054e+02
1.398311046415435044e+02
1.398624393897374034e+02
1.398937741379313024e+02
1.399251088861252299e+02
1.399564436343191289e+02
1.399877783825130280e+02
1.400191131307069270e+02
1.400504478789008260e+02
1.400817826270947251e+02
1.401131173752886525e+02
1.401444521234825515e+02
1.401757868716764506e+02
1.402071216198703496e+02
1.402384563680642486e+02
1.402697911162581761e+02
1.403011258644520751e+02
1.403324606126459742e+02
1.403637953608398732e+02
1.403951301090337722e+02
1.404264648572276997e+02
1.404577996054215987e+02
1.404891343536154977e+02
1.405204691018093968e+02
1.405518038500032958e+02
1.405831385981972232e+02
1.406144733463911223e+02
1.406458080945850213e+02
1.406771428427789203e+02
1.407084775909728194e+02
1.407398123391667468e+02
1.407711470873606459e+02
1.408024818355545449e+02
1.408338165837484439e+02
1.408651513319423429e+02
1.408964860801362420e+02
1.409278208283301694e+02
1.409591555765240685e+02
1.409904903247179675e+02
1.410218250729118665e+02
1.410531598211057656e+02
1.410844945692996930e+02
1.411158293174935920e+02
1.411471640656874911e+02
1.411784988138813901e+02
1.412098335620752891e+02
1.412411683102692166e+02
1.412725030584631156e+02
1.413038378066570147e+02
1.413351725548509137e+02
1.413665073030448127e+02
1.413978420512387402e+02
1.414291767994326392e+02
1.414605115476265382e+02
1.414918462958204373e+02
1.415231810440143363e+02
1.415545157922082353e+02
1.415858505404021628e+02
1.416171852885960618e+02
1.416485200367899608e+02
1.416798547849838599e+02
1.417111895331777873e+02
1.417425242813716864e+02
1.417738590295655854e+02
1.418051937777594844e+02
1.418365285259533835e+02
1.418678632741472825e+02
1.418991980223412099e+02
1.419305327705351090e+02
1.419618675187290080e+02
1.419932022669229070e+02
1.420245370151168061e+02
1.420558717633107335e+02
1.420872065115046325e+02
1.421185412596985316e+02
1.421498760078924306e+02
1.421812107560863296e+02
1.422125455042802571e+02
1.422438802524741561e+02
1.422752150006680552e+02
1.423065497488619542e+02
1.423378844970558532e+02
1.423692192452497807e+02
1.424005539934436797e+02
1.424318887416375787e+02
1.424632234898314778e+02
1.424945582380253768e+02
1.425258929862192758e+02
1.425572277344132033e+02
1.425885624826071023e+02
1.426198972308010013e+02
1.426512319789949004e+02
1.426825667271887994e+02
1.427139014753827269e+02
1.427452362235766259e+02
1.427765709717705249e+02
1.428079057199644240e+02
1.428392404681583230e+02
1.428705752163522504e+02
1.429019099645461495e+02
1.429332447127400485e+02
1.429645794609339475e+02
1.429959142091278466e+02
1.430272489573217740e+02
1.430585837055156730e+02
1.430899184537095721e+02
1.431212532019034711e+02
1.431525879500973701e+02
1.431839226982912692e+02
1.432152574464851966e+02
1.432465921946790957e+02
1.432779269428729947e+02
1.433092616910668937e+02
1.433405964392608212e+02
1.433719311874547202e+02
1.434032659356486192e+02
1.434346006838425183e+02
1.434659354320364173e+02
1.434972701802303163e+02
1.435286049284242438e+02
1.435599396766181428e+02
1.435912744248120418e+02
1.436226091730059409e+02
1.436539439211998399e+02
1.436852786693937674e+02
1.437166134175876664e+02
1.437479481657815654e+02
1.437792829139754645e+02
1.438106176621693635e+02
1.438419524103632909e+02
1.438732871585571900e+02
1.439046219067510890e+02
1.439359566549449880e+02
1.439672914031388871e+02
1.439986261513328145e+02
1.440299608995267135e+02
1.440612956477206126e+02
1.440926303959145116e+02
1.441239651441084106e+02
1.441552998923023097e+02
1.441866346404962371e+02
1.442179693886901362e+02
1.442493041368840352e+02
1.442806388850779342e+02
1.443119736332718333e+02
1.443433083814657607e+02
1.443746431296596597e+02
1.444059778778535588e+02
1.444373126260474578e+02
1.444686473742413568e+02
1.444999821224352843e+02
1.445313168706291833e+02
1.445626516188230823e+02
1.445939863670169814e+02
1.446253211152108804e+02
1.446566558634048079e+02
1.446879906115987069e+02
1.447193253597926059e+02
1.447506601079865050e+02
1.447819948561804040e+02
1.448133296043743030e+02
1.448446643525682305e+02
1.448759991007621295e+02
1.449073338489560285e+02
1.449386685971499276e+02
1.449700033453438550e+02
1.450013380935377540e+02
1.450326728417316531e+02
1.450640075899255521e+02
1.450953423381194511e+02
1.451266770863133502e+02
1.451580118345072776e+02
1.451893465827011767e+02
1.452206813308950757e+02
1.452520160790889747e+02
1.452833508272828738e+02
1.453146855754768012e+02
1.453460203236707002e+02
1.453773550718645993e+02
1.454086898200584983e+02
1.454400245682523973e+02
1.454713593164463248e+02
1.455026940646402238e+02
1.455340288128341228e+02
1.455653635610280219e+02
1.455966983092219209e+02
1.456280330574158484e+02
1.456593678056097474e+02
1.456907025538036464e+02
1.457220373019975455e+02
1.457533720501914445e+02
1.457847067983853435e+02
1.458160415465792710e+02
1.458473762947731700e+02
1.458787110429670690e+02
1.459100457911609681e+02
1.459413805393548671e+02
1.459727152875487945e+02
1.460040500357426936e+02
1.460353847839365926e+02
1.460667195321304916e+02
1.460980542803243907e+02
1.461293890285183181e+02
1.461607237767122172e+02
1.461920585249061162e+02
1.462233932731000152e+02
1.462547280212939143e+02
1.462860627694878417e+02
1.463173975176817407e+02
1.463487322658756398e+02
1.463800670140695388e+02
1.464114017622634378e+02
1.464427365104573653e+02
1.464740712586512643e+02
1.465054060068451633e+02
1.465367407550390624e+02
1.465680755032329614e+02
1.465994102514268889e+02
1.466307449996207879e+02
1.466620797478146869e+02
1.466934144960085860e+02
1.467247492442024850e+02
1.467560839923963840e+02
1.467874187405903115e+02
1.468187534887842105e+02
1.468500882369781095e+02
1.468814229851720086e+02
1.469127577333659076e+02
1.469440924815598351e+02
1.469754272297537341e+02
1.470067619779476331e+02
1.470380967261415321e+02
1.470694314743354312e+02
1.471007662225293586e+02
1.471321009707232577e+02
1.471634357189171567e+02
1.471947704671110557e+02
1.472261052153049548e+02
1.472574399634988822e+02
1.472887747116927812e+02
1.473201094598866803e+02
1.473514442080805793e+02
1.473827789562744783e+02
1.474141137044683774e+02
1.474454484526623048e+02
1.474767832008562038e+02
1.475081179490501029e+02
1.475394526972440019e+02
1.475707874454379009e+02
1.476021221936318284e+02
1.476334569418257274e+02
1.476647916900196265e+02
1.476961264382135255e+02
1.477274611864074245e+02
1.477587959346013520e+02
1.477901306827952510e+02
1.478214654309891500e+02
1.478528001791830491e+02
1.478841349273769481e+02
1.479154696755708756e+02
1.479468044237647746e+02
1.479781391719586736e+02
1.480094739201525726e+02
1.480408086683464717e+02
1.480721434165403991e+02
1.481034781647342982e+02
1.481348129129281972e+02
1.481661476611220962e+02
1.481974824093159953e+02
1.482288171575099227e+02
1.482601519057038217e+02
1.482914866538977208e+02
1.483228214020916198e+02
1.483541561502855188e+02
1.483854908984794179e+02
1.484168256466733453e+02
1.484481603948672443e+02
1.484794951430611434e+02
1.485108298912550424e+02
1.485421646394489414e+02
1.485734993876428689e+02
1.486048341358367679e+02
1.486361688840306670e+02
