1.535095652476697978e+02
5.782724201798600916e+01
2.174480296009824087e+01
8.517525326540635433e+00
3.237739645503552310e+00
1.255998937696404028e+00
4.811110137065952586e-01
1.857488861742240260e-01
7.137277808715225547e-02
2.750422948702180292e-02
1.058063882692295010e-02
4.074512864008283941e-03
1.568094568938249722e-03
6.037072816980071366e-04
2.323745534340559971e-04
8.945487388700712472e-05
3.443411924308747984e-05
1.325534822171903215e-05
5.102508566778851673e-06
1.964178864000132307e-06
7.560938684036955237e-07
2.910537659772671759e-07
1.120392880693543702e-07
4.312869350542314351e-08
1.660282578086480498e-08
6.391928764060139656e-09
2.463821147102862597e-09
9.476934792473912239e-10
3.656168701127171516e-10
1.409716787748038769e-10
5.638867150992155075e-11
