1.295879145883714330e+02
1.296159747193341900e+02
1.296440348502969471e+02
1.296720949812597041e+02
1.297001551122224328e+02
1.297282152431851898e+02
1.297562753741479469e+02
1.297843355051107039e+02
1.298123956360734610e+02
1.298404557670362180e+02
1.298685158979989751e+02
1.298965760289617037e+02
1.299246361599244608e+02
1.299526962908872179e+02
1.299807564218499749e+02
1.300088165528127320e+02
1.300368766837754890e+02
1.300649368147382461e+02
1.300929969457009747e+02
1.301210570766637318e+02
1.301491172076264888e+02
1.301771773385892459e+02
1.302052374695520029e+02
1.302332976005147600e+02
1.302613577314774886e+02
1.302894178624402457e+02
1.303174779934030028e+02
1.303455381243657598e+02
1.303735982553285169e+02
1.304016583862912739e+02
1.304297185172540310e+02
1.304577786482167596e+02
1.304858387791795167e+02
1.305138989101422737e+02
1.305419590411050308e+02
1.305700191720677878e+02
1.305980793030305449e+02
1.306261394339933020e+02
1.306541995649560306e+02
1.306822596959187877e+02
1.307103198268815447e+02
1.307383799578443018e+02
1.307664400888070588e+02
1.307945002197698159e+02
1.308225603507325729e+02
1.308506204816953016e+02
1.308786806126580586e+02
1.309067407436208157e+02
1.309348008745835727e+02
1.309628610055463298e+02
1.309909211365090869e+02
1.310189812674718439e+02
1.310470413984345726e+02
1.310751015293973296e+02
1.311031616603600867e+02
1.311312217913228437e+02
1.311592819222856008e+02
1.311873420532483578e+02
1.312154021842111149e+02
1.312434623151738435e+02
1.312715224461366006e+02
1.312995825770993576e+02
1.313276427080621147e+02
1.313557028390248718e+02
1.313837629699876288e+02
1.314118231009503575e+02
1.314398832319131145e+02
1.314679433628758716e+02
1.314960034938386286e+02
1.315240636248013857e+02
1.315521237557641427e+02
1.315801838867268998e+02
1.316082440176896284e+02
1.316363041486523855e+02
1.316643642796151426e+02
1.316924244105778996e+02
1.317204845415406567e+02
1.317485446725034137e+02
1.317766048034661708e+02
1.318046649344288994e+02
1.318327250653916565e+02
1.318607851963544135e+02
1.318888453273171706e+02
1.319169054582799276e+02
1.319449655892426847e+02
1.319730257202054418e+02
1.320010858511681704e+02
1.320291459821309275e+02
1.320572061130936845e+02
1.320852662440564416e+02
1.321133263750191986e+02
1.321413865059819557e+02
1.321694466369447127e+02
1.321975067679074414e+02
1.322255668988701984e+02
1.322536270298329555e+02
1.322816871607957125e+02
1.323097472917584696e+02
1.323378074227212267e+02
1.323658675536839837e+02
1.323939276846467124e+02
1.324219878156094694e+02
1.324500479465722265e+02
1.324781080775349835e+02
1.325061682084977406e+02
1.325342283394604976e+02
1.325622884704232547e+02
1.325903486013859833e+02
1.326184087323487404e+02
1.326464688633114974e+02
1.326745289942742545e+02
1.327025891252370116e+02
1.327306492561997686e+02
1.327587093871624973e+02
1.327867695181252543e+02
1.328148296490880114e+02
1.328428897800507684e+02
1.328709499110135255e+02
1.328990100419762825e+02
1.329270701729390396e+02
1.329551303039017682e+02
1.329831904348645253e+02
1.330112505658272823e+02
1.330393106967900394e+02
1.330673708277527965e+02
1.330954309587155535e+02
1.331234910896783106e+02
1.331515512206410392e+02
1.331796113516037963e+02
1.332076714825665533e+02
1.332357316135293104e+02
1.332637917444920674e+02
1.332918518754548245e+02
1.333199120064175816e+02
1.333479721373803102e+02
1.333760322683430672e+02
1.334040923993058243e+02
1.334321525302685814e+02
1.334602126612313384e+02
1.334882727921940955e+02
1.335163329231568525e+02
1.335443930541195812e+02
1.335724531850823382e+02
1.336005133160450953e+02
1.336285734470078523e+02
1.336566335779706094e+02
1.336846937089333665e+02
1.337127538398960951e+02
1.337408139708588521e+02
1.337688741018216092e+02
1.337969342327843663e+02
1.338249943637471233e+02
1.338530544947098804e+02
1.338811146256726374e+02
1.339091747566353661e+02
1.339372348875981231e+02
1.339652950185608802e+02
1.339933551495236372e+02
1.340214152804863943e+02
1.340494754114491514e+02
1.340775355424119084e+02
1.341055956733746370e+02
1.341336558043373941e+02
1.341617159353001512e+02
1.341897760662629082e+02
1.342178361972256653e+02
1.342458963281884223e+02
1.342739564591511794e+02
1.343020165901139080e+02
1.343300767210766651e+02
1.343581368520394221e+02
1.343861969830021792e+02
1.344142571139649363e+02
1.344423172449276933e+02
1.344703773758904504e+02
1.344984375068531790e+02
1.345264976378159361e+02
1.345545577687786931e+02
1.345826178997414502e+02
1.346106780307042072e+02
1.346387381616669643e+02
1.346667982926297213e+02
1.346948584235924500e+02
1.347229185545552070e+02
1.347509786855179641e+02
1.347790388164807212e+02
1.348070989474434782e+02
1.348351590784062353e+02
1.348632192093689923e+02
1.348912793403317210e+02
1.349193394712944780e+02
1.349473996022572351e+02
1.349754597332199921e+02
1.350035198641827492e+02
1.350315799951455062e+02
1.350596401261082349e+02
1.350877002570709919e+02
1.351157603880337490e+02
1.351438205189965061e+02
1.351718806499592631e+02
1.351999407809220202e+02
1.352280009118847772e+02
1.352560610428475059e+02
1.352841211738102629e+02
1.353121813047730200e+02
1.353402414357357770e+02
1.353683015666985341e+02
1.353963616976612911e+02
1.354244218286240482e+02
1.354524819595867768e+02
1.354805420905495339e+02
1.355086022215122910e+02
1.355366623524750480e+02
1.355647224834378051e+02
1.355927826144005621e+02
1.356208427453633192e+02
1.356489028763260478e+02
1.356769630072888049e+02
1.357050231382515619e+02
1.357330832692143190e+02
1.357611434001770760e+02
1.357892035311398331e+02
1.358172636621025902e+02
1.358453237930653188e+02
1.358733839240280759e+02
1.359014440549908329e+02
1.359295041859535900e+02
1.359575643169163470e+02
1.359856244478791041e+02
1.360136845788418327e+02
1.360417447098045898e+02
1.360698048407673468e+02
1.360978649717301039e+02
1.361259251026928609e+02
1.361539852336556180e+02
1.361820453646183751e+02
1.362101054955811037e+02
1.362381656265438608e+02
1.362662257575066178e+02
1.362942858884693749e+02
1.363223460194321319e+02
1.363504061503948890e+02
1.363784662813576460e+02
1.364065264123203747e+02
1.364345865432831317e+02
1.364626466742458888e+02
1.364907068052086458e+02
1.365187669361714029e+02
1.365468270671341600e+02
1.365748871980969170e+02
1.366029473290596457e+02
1.366310074600224027e+02
1.366590675909851598e+02
1.366871277219479168e+02
1.367151878529106739e+02
1.367432479838734309e+02
1.367713081148361880e+02
1.367993682457989166e+02
1.368274283767616737e+02
1.368554885077244307e+02
1.368835486386871878e+02
1.369116087696499449e+02
1.369396689006127019e+02
1.369677290315754590e+02
1.369957891625381876e+02
1.370238492935009447e+02
1.370519094244637017e+02
1.370799695554264588e+02
1.371080296863892158e+02
1.371360898173519729e+02
1.371641499483147300e+02
1.371922100792774586e+02
1.372202702102402156e+02
1.372483303412029727e+02
1.372763904721657298e+02
1.373044506031284868e+02
1.373325107340912439e+02
1.373605708650540009e+02
1.373886309960167296e+02
1.374166911269794866e+02
1.374447512579422437e+02
1.374728113889050007e+02
1.375008715198677578e+02
1.375289316508305149e+02
1.375569917817932435e+02
1.375850519127560005e+02
1.376131120437187576e+02
1.376411721746815147e+02
1.376692323056442717e+02
1.376972924366070288e+02
1.377253525675697858e+02
1.377534126985325145e+02
1.377814728294952715e+02
1.378095329604580286e+02
1.378375930914207856e+02
1.378656532223835427e+02
1.378937133533462998e+02
1.379217734843090568e+02
1.379498336152717854e+02
1.379778937462345425e+02
1.380059538771972996e+02
1.380340140081600566e+02
1.380620741391228137e+02
1.380901342700855707e+02
1.381181944010483278e+02
1.381462545320110564e+02
1.381743146629738135e+02
1.382023747939365705e+02
1.382304349248993276e+02
1.382584950558620847e+02
1.382865551868248417e+02
1.383146153177875703e+02
1.383426754487503274e+02
1.383707355797130845e+02
1.383987957106758415e+02
1.384268558416385986e+02
1.384549159726013556e+02
1.384829761035641127e+02
1.385110362345268413e+02
1.385390963654895984e+02
1.385671564964523554e+02
1.385952166274151125e+02
1.386232767583778696e+02
1.386513368893406266e+02
1.386793970203033837e+02
1.387074571512661123e+02
1.387355172822288694e+02
1.387635774131916264e+02
1.387916375441543835e+02
1.388196976751171405e+02
1.388477578060798976e+02
1.388758179370426546e+02
1.389038780680053833e+02
1.389319381989681403e+02
1.389599983299308974e+02
1.389880584608936545e+02
1.390161185918564115e+02
1.390441787228191686e+02
1.390722388537819256e+02
1.391002989847446543e+02
1.391283591157074113e+02
1.391564192466701684e+02
1.391844793776329254e+02
1.392125395085956825e+02
1.392405996395584395e+02
1.392686597705211966e+02
1.392967199014839252e+02
1.393247800324466823e+02
1.393528401634094394e+02
1.393809002943721964e+02
1.394089604253349535e+02
1.394370205562977105e+02
1.394650806872604676e+02
1.394931408182231962e+02
1.395212009491859533e+02
1.395492610801487103e+02
1.395773212111114674e+02
1.396053813420742244e+02
1.396334414730369815e+02
1.396615016039997386e+02
1.396895617349624672e+02
1.397176218659252243e+02
1.397456819968879813e+02
1.397737421278507384e+02
1.398018022588134954e+02
1.398298623897762525e+02
1.398579225207390095e+02
1.398859826517017382e+02
1.399140427826644952e+02
1.399421029136272523e+02
1.399701630445900093e+02
1.399982231755527664e+02
1.400262833065155235e+02
1.400543434374782521e+02
1.400824035684410092e+02
1.401104636994037662e+02
1.401385238303665233e+02
1.401665839613292803e+02
1.401946440922920374e+02
1.402227042232547944e+02
1.402507643542175231e+02
1.402788244851802801e+02
1.403068846161430372e+02
1.403349447471057942e+02
1.403630048780685513e+02
1.403910650090313084e+02
1.404191251399940654e+02
1.404471852709567941e+02
1.404752454019195511e+02
1.405033055328823082e+02
1.405313656638450652e+02
1.405594257948078223e+02
1.405874859257705793e+02
1.406155460567333080e+02
1.406436061876960650e+02
1.406716663186588221e+02
1.406997264496215791e+02
1.407277865805843362e+02
1.407558467115470933e+02
1.407839068425098503e+02
1.408119669734725790e+02
1.408400271044353360e+02
1.408680872353980931e+02
1.408961473663608501e+02
1.409242074973236072e+02
1.409522676282863642e+02
1.409803277592491213e+02
1.410083878902118499e+02
1.410364480211746070e+02
1.410645081521373640e+02
1.410925682831001211e+02
1.411206284140628782e+02
1.411486885450256352e+02
1.411767486759883923e+02
1.412048088069511209e+02
1.412328689379138780e+02
1.412609290688766350e+02
1.412889891998393921e+02
1.413170493308021491e+02
1.413451094617649062e+02
1.413731695927276633e+02
1.414012297236903919e+02
1.414292898546531490e+02
1.414573499856159060e+02
1.414854101165786631e+02
1.415134702475414201e+02
1.415415303785041772e+02
1.415695905094669342e+02
1.415976506404296629e+02
1.416257107713924199e+02
1.416537709023551770e+02
1.416818310333179340e+02
1.417098911642806911e+02
1.417379512952434482e+02
1.417660114262062052e+02
1.417940715571689339e+02
1.418221316881316909e+02
1.418501918190944480e+02
1.418782519500572050e+02
1.419063120810199621e+02
1.419343722119827191e+02
1.419624323429454762e+02
1.419904924739082048e+02
1.420185526048709619e+02
1.420466127358337189e+02
1.420746728667964760e+02
1.421027329977592331e+02
1.421307931287219901e+02
1.421588532596847472e+02
1.421869133906474758e+02
1.422149735216102329e+02
1.422430336525729899e+02
1.422710937835357470e+02
1.422991539144985040e+02
1.423272140454612611e+02
1.423552741764239897e+02
1.423833343073867468e+02
1.424113944383495038e+02
1.424394545693122609e+02
1.424675147002750180e+02
1.424955748312377750e+02
1.425236349622005321e+02
1.425516950931632607e+02
1.425797552241260178e+02
1.426078153550887748e+02
1.426358754860515319e+02
1.426639356170142889e+02
1.426919957479770460e+02
1.427200558789398031e+02
1.427481160099025317e+02
1.427761761408652887e+02
1.428042362718280458e+02
1.428322964027908029e+02
1.428603565337535599e+02
1.428884166647163170e+02
1.429164767956790740e+02
1.429445369266418027e+02
1.429725970576045597e+02
1.430006571885673168e+02
1.430287173195300738e+02
1.430567774504928309e+02
1.430848375814555880e+02
1.431128977124183166e+02
1.431409578433810736e+02
1.431690179743438307e+02
1.431970781053065878e+02
1.432251382362693448e+02
1.432531983672321019e+02
1.432812584981948589e+02
1.433093186291575876e+02
1.433373787601203446e+02
1.433654388910831017e+02
1.433934990220458587e+02
1.434215591530086158e+02
1.434496192839713729e+02
1.434776794149341299e+02
1.435057395458968585e+02
1.435337996768596156e+02
1.435618598078223727e+02
1.435899199387851297e+02
