8.516431075228865666e+01
3.045397101184607891e+01
1.715541420599492994e+01
6.023201829649224237e+00
3.403293599535572866e+00
1.154161919732814567e+00
6.574123304521890532e-01
2.182486909009639930e-01
1.253521066360008263e-01
4.103397662129282253e-02
2.376324019405728905e-02
7.696231451973289950e-03
4.494056059229478706e-03
1.442114394649252063e-03
8.491933258483186364e-04
2.701489656828925945e-04
1.604413082532119006e-04
5.060904368292540312e-05
3.031843743883655407e-05
9.482959285378456116e-06
5.731174496759194881e-06
1.777415491233114153e-06
1.083824372472008690e-06
3.332652340759523213e-07
2.050546754617244005e-07
6.251138984225690365e-08
3.881268639815971255e-08
1.173111741081811488e-08
7.351445674430578947e-09
2.200067683588713408e-09
1.392436388414353132e-09
4.124558472540229559e-10
2.646629582159221172e-10
7.821654435247182846e-11
