4.914333126534584572e-04
4.847783692198725570e-04
4.781653855237096495e-04
4.715944439022332069e-04
4.650656267945373003e-04
4.585790152331472376e-04
4.521346910973732627e-04
4.457327356133886239e-04
4.393732297266319327e-04
4.330562541007955488e-04
4.267818891163567573e-04
4.205502148697853253e-04
4.143613111719939598e-04
4.082152575475727534e-04
4.021121332334136561e-04
3.960520171775754245e-04
3.900349880383407455e-04
3.840611241829053270e-04
3.781305033371712182e-04
3.722432039779045203e-04
3.663993032470778933e-04
3.605988783370437821e-04
3.548420061434918180e-04
3.491287632647027250e-04
3.434592260003840490e-04
3.378334703505394437e-04
3.322515720145441170e-04
3.267136063900307591e-04
3.212196485718938656e-04
3.157697733511468795e-04
3.103640552141759355e-04
3.050025686595132682e-04
2.996853869281310297e-04
2.944125839007457604e-04
2.891842328345484636e-04
2.840004066770874776e-04
2.788611780650994887e-04
2.737666193237609977e-04
2.687168024655161897e-04
2.637117991894615400e-04
2.587516808801037529e-04
2.538365186065173361e-04
2.489663831216196491e-04
2.441413448609614759e-04
2.393614739420734945e-04
2.346268398832429363e-04
2.299375127212358743e-04
2.252935613359689716e-04
2.206950545637871640e-04
2.161420609184165024e-04
2.116346485903520397e-04
2.071728854459066330e-04
2.027568390264107752e-04
1.983865765473960009e-04
1.940621648977650928e-04
1.897836706390244660e-04
1.855511600044737269e-04
1.813646991483177111e-04
1.772243531469699148e-04
1.731301874924923070e-04
1.690822670976162192e-04
1.650806565429352099e-04
1.611254200762095485e-04
1.572166216118258493e-04
1.533543247297918530e-04
1.495385926752397271e-04
1.457694883575326829e-04
1.420470743498158722e-04
1.383714128880609066e-04
1.347425658705675856e-04
1.311605948572436612e-04
1.276255610689370503e-04
1.241375253867745801e-04
1.206965481429728902e-04
1.173026899536370928e-04
1.139560104693135311e-04
1.106565692059553383e-04
1.074044253367154776e-04
1.041996376914212030e-04
1.010422647557211842e-04
9.793236467084120978e-05
9.486999523274083977e-05
9.185521389177902455e-05
8.888807775194723496e-05
8.596864374932714772e-05
8.309696793647594409e-05
8.027310655394223279e-05
7.749711531537989190e-05
7.476904958562460293e-05
7.208896438011998264e-05
6.945691436447204371e-05
6.687295385397777007e-05
6.433713681314572335e-05
6.184951685516950010e-05
5.941014724167658316e-05
5.701908088205033580e-05
5.467637033315758238e-05
5.238206779887724467e-05
5.013622512972483523e-05
4.793889382238982155e-05
4.579012488849436253e-05
4.368996937851151791e-05
4.163847759393525554e-05
3.963569961249540047e-05
3.768168515628384787e-05
3.577648359135868021e-05
3.392014392748090939e-05
3.211271481774991373e-05
3.035424455828372037e-05
2.864478108791162711e-05
2.698437209004361936e-05
2.537306458257290753e-05
2.381090553402830288e-05
2.229794145124381347e-05
2.083421848240503025e-05
1.941978241672567232e-05
1.805467868430365229e-05
1.673895235579006598e-05
1.547264814227366388e-05
1.425581039496489098e-05
1.308848310504648023e-05
1.197070990347369517e-05
1.090253406082047646e-05
9.883998487000212455e-06
8.915145731219740219e-06
7.996017981742941998e-06
7.126657065805993664e-06
6.307104449392996688e-06
5.537401189925484813e-06
4.817588127536955431e-06
4.147705594342932168e-06
3.527793610355888760e-06
2.957891833813798767e-06
2.438039561123097639e-06
1.968275726772888872e-06
1.548638903275638570e-06
1.179167301107144526e-06
8.598987875994074818e-07
5.908708082079517923e-07
3.721205088317039962e-07
2.036846514316850923e-07
8.559963579627818876e-08
1.790149953321932660e-08
6.259180881359688762e-10
3.380820475159233158e-08
1.174833106917595328e-07
2.516858249860642385e-07
4.364499746704897137e-07
6.718096247843341302e-07
9.577982784449629912e-07
1.294449076902665844e-06
1.681794799640519768e-06
2.119867864444318885e-06
2.608700327513222055e-06
3.148323883562005428e-06
3.738769905543865972e-06
4.380069290394635176e-06
5.072252684803042724e-06
5.815350338811864456e-06
6.609392141599268991e-06
7.454407621743774288e-06
8.350425947302873484e-06
9.297475926043698055e-06
1.029558593877380078e-05
1.134478420214912044e-05
1.244509838181529338e-05
1.359655584622163179e-05
1.479918360451408964e-05
1.605300830675911996e-05
1.735805624417951929e-05
1.871435334946939177e-05
2.012192519691234757e-05
2.158079700277702826e-05
2.309099362549553263e-05
2.465253956600323951e-05
2.626545896800016152e-05
2.792977561823883120e-05
2.964551294686368002e-05
3.141269402762655747e-05
3.323134157836375962e-05
3.510147796123886678e-05
3.702312518300094956e-05
3.899630489544317965e-05
4.102103853199839186e-05
4.309734676905238094e-05
4.522525032601080992e-05
4.740476943837691358e-05
4.963592398845760660e-05
5.191873350579585659e-05
5.425321716762705190e-05
5.663939363664232242e-05
5.907728170515347748e-05
6.156689933971896099e-05
6.410826431218526059e-05
6.670139404443141309e-05
6.934630560833183663e-05
7.204301572655897234e-05
7.479154077289415221e-05
7.759189677275983392e-05
8.044409940359138734e-05
8.334816399551663176e-05
8.630410553155378416e-05
8.931193864843207822e-05
9.237167763694342532e-05
9.548333644235714899e-05
9.864692866521984150e-05
1.018624675614834081e-04
1.051299660435725726e-04
1.084494366803866660e-04
1.118208916982290865e-04
1.152443432140211376e-04
1.187198023124174572e-04
1.222472804200690254e-04
1.258267883980324303e-04
1.294583367675163456e-04
1.331419357103326808e-04
1.368775948122544748e-04
1.406653240849582470e-04
1.445051324469620211e-04
1.483970287290319935e-04
1.523410214258733746e-04
1.563371186966057305e-04
1.603853283653574235e-04
1.644856579221178766e-04
1.686381145230623460e-04
1.728427049916468844e-04
1.770994358187572828e-04
1.814083131638416827e-04
1.857693428553206210e-04
1.901825303915228595e-04
1.946478809408644947e-04
1.991653993433277286e-04
2.037350901103462681e-04
2.083569574261397617e-04
2.130310051480435317e-04
2.177572368075519839e-04
2.225356556108220565e-04
2.273662644392585269e-04
2.322490661939075518e-04
2.371840624329790996e-04
2.421712554024510423e-04
2.472106466931719808e-04
2.523022375752788783e-04
2.574460286323811760e-04
2.626420212174605112e-04
2.678902152867997381e-04
2.731906108350829593e-04
2.785432075401277356e-04
2.839480047636755780e-04
2.894050015521034552e-04
2.949141966375508220e-04
3.004755884381095712e-04
3.060891750594264848e-04
3.117549542950278979e-04
3.174729236270154315e-04
3.232430802274218959e-04
3.290654209587088306e-04
3.349399423746243797e-04
3.408666407211371151e-04
3.468455119371498751e-04
3.528765516556660949e-04
3.589597552043445388e-04
3.650951176064030370e-04
3.712826335818405978e-04
3.775222975475124349e-04
3.838141040688475693e-04
3.901580460729084962e-04
3.965541175124349753e-04
4.030023116030149988e-04
4.095026207922262290e-04
4.160550386276882064e-04
4.226595569755151136e-04
4.293161678642848714e-04
4.360248630278739084e-04
4.427856339067564153e-04
4.495984716486803442e-04
4.564633671095435531e-04
4.633803108547509555e-04
4.703492931596173015e-04
4.773703040107047041e-04
4.844433331064249134e-04
4.915683698584644460e-04
4.987454033922421185e-04
5.059744225483130348e-04
5.132554158828737164e-04
5.205883716690570730e-04
5.279732778979214121e-04
5.354101222789466779e-04
5.428988922419327812e-04
5.504395749369318368e-04
5.580321572361611297e-04
5.656766257339925982e-04
5.733729667490466454e-04
5.811211668985691650e-04
5.889212108169786285e-04
5.967730839831123348e-04
6.046767727601712371e-04
6.126322615368167248e-04
6.206395349947838036e-04
6.286985775464409192e-04
6.368093733358683043e-04
6.449719062399803448e-04
6.531861598695773647e-04
6.614521175698816549e-04
6.697697624221588984e-04
6.781390772450938053e-04
6.865600445943732377e-04
6.950326467651065819e-04
7.035568657923473588e-04
7.121326834522969046e-04
7.207600812627058514e-04
7.294390404850488192e-04
7.381695421247750841e-04
7.469515669323906117e-04
7.557850954042975552e-04
7.646701077851752711e-04
7.736065840672664813e-04
7.825945039925324498e-04
7.916338470533676886e-04
8.007245924937517060e-04
8.098667200013024087e-04
8.190602069607052279e-04
8.283050318474508835e-04
8.376011743143888704e-04
8.469486116911846118e-04
8.563473217537518212e-04
8.657972820367332333e-04
8.752984698351108607e-04
8.848508622048384094e-04
8.944544359642567048e-04
9.041091676952612687e-04
9.138150337441580803e-04
9.235720102221244704e-04
9.333800730080997130e-04
9.432391977477342163e-04
9.531493598562015097e-04
9.631105345179637308e-04
9.731226966888531851e-04
9.831858210967560439e-04
9.932998822426675981e-04
1.003464854401585208e-03
1.013680711624618050e-03
1.023947427738580111e-03
1.034264976348026749e-03
1.044633330836132901e-03
1.055052464366370993e-03
1.065522349882554523e-03
1.076042960922389113e-03
1.086614267569763507e-03
1.097236244532332665e-03
1.107908863087292504e-03
1.118632095099248618e-03
1.129405912220598964e-03
1.140230285892172022e-03
1.151105187344773949e-03
1.162030587599312617e-03
1.173006457469505512e-03
1.184032767561479663e-03
1.195109488275682228e-03
1.206236589807867981e-03
1.217414042149988791e-03
1.228641815091317943e-03
1.239919878220274198e-03
1.251248200924142068e-03
1.262626752391894864e-03
1.274055501613442689e-03
1.285534417382430336e-03
1.297063468296354377e-03
1.308642622757572342e-03
1.320271848975481744e-03
1.331951114966318205e-03
1.343680388555128485e-03
1.355459637376563685e-03
1.367288828876001613e-03
1.379167931247253943e-03
1.391096908749062198e-03
1.403075731078765173e-03
1.415104363997986628e-03
1.427182774022243148e-03
1.439310927484867405e-03
1.451488790537608809e-03
1.463716329151610153e-03
1.475993509119115019e-03
1.488320296053659677e-03
1.500696655392292234e-03
1.513122552395596053e-03
1.525597952149589489e-03
1.538122819566301600e-03
1.550697119385082085e-03
1.563320816174172505e-03
1.575993874330196276e-03
1.588716258081996312e-03
1.601487931489041462e-03
1.614308858443149527e-03
1.627179002671299678e-03
1.640098327734915151e-03
1.653066797031326699e-03
1.666084373794801720e-03
1.679151021098806333e-03
1.692266701855559994e-03
1.705431378817062011e-03
1.718645013495662902e-03
1.731907571556792541e-03
1.745219012069920694e-03
1.758579298224884589e-03
1.771988391993006146e-03
1.785446255192068643e-03
1.798952849488256577e-03
1.812508136396668700e-03
1.826112077282680216e-03
1.839764633362618021e-03
1.853465765705333878e-03
1.867215435232993503e-03
1.881013602722278509e-03
1.894860228805791968e-03
1.908755273970954040e-03
1.922698698565298951e-03
1.936690462793562613e-03
1.950730526720122508e-03
1.964818850270865988e-03
1.978955393233161435e-03
1.993140115257629845e-03
2.007372975857898718e-03
2.021653934414206159e-03
2.035982950171390336e-03
2.050359982242159432e-03
2.064784989607228258e-03
2.079257929908551791e-03
2.093778764256115556e-03
2.108347451280949240e-03
2.122963947028749538e-03
2.137628211033072018e-03
2.152340201504921672e-03
2.167099876532325477e-03
2.181907194077734643e-03
2.196762111982042236e-03
2.211664587964799582e-03
2.226614579624554106e-03
2.241612044440597067e-03
2.256656939774082452e-03
2.271749222868091160e-03
2.286888850849369201e-03
2.302075780730191215e-03
2.317309969406905045e-03
2.332591373663718635e-03
2.347919950171694324e-03
2.363295655490923325e-03
2.378718446070535696e-03
2.394188278250917318e-03
2.409705108263215500e-03
2.425268892231964915e-03
2.440879586174725044e-03
2.456537146003575506e-03
2.472241527526628738e-03
2.487992685084269764e-03
2.503790576976288023e-03
2.519635158728324425e-03
2.535526383047314106e-03
2.551464206565523182e-03
2.567448584484654205e-03
2.583479471907889572e-03
2.599556823841983610e-03
2.615680595198022814e-03
2.631850740792553416e-03
2.648067215347390136e-03
2.664329973492117649e-03
2.680638969764323042e-03
2.696994158609918469e-03
2.713395494385449636e-03
2.729842931358032482e-03
2.746336423706740963e-03
2.762875925522833426e-03
2.779461390811341619e-03
2.796092773492598552e-03
2.812770027401312149e-03
2.829493106289444459e-03
2.846261963825499983e-03
2.863076553597173734e-03
2.879936829110342923e-03
2.896842743792055891e-03
2.913794249492836046e-03
2.930791302442631134e-03
2.947833854368022040e-03
2.964921859886662445e-03
2.982055269065358050e-03
2.999234036341366476e-03
3.016458114606739103e-03
3.033727456679319312e-03
3.051042015307773615e-03
3.068401743166854125e-03
3.085806592862772729e-03
3.103256516932064845e-03
3.120751467842274203e-03
3.138291397994276942e-03
3.155876259721810198e-03
3.173506005292720672e-03
3.191180586909460760e-03
3.208899956710786847e-03
3.226664066772241130e-03
3.244472869106473836e-03
