1.574135182568234086e+02
5.745044034298962288e+01
2.136090697838380947e+01
8.264022741106600733e+00
3.094548860449322092e+00
1.186405646105413325e+00
4.478543615950911772e-01
1.707788130734115839e-01
6.470358864726222237e-02
2.461530407890677452e-02
9.340250664990890073e-03
3.549917363216081867e-03
1.347832258943526540e-03
5.120702953718136996e-04
1.944694208759756293e-04
7.387202867903397419e-05
2.805707026709569618e-05
1.065726382876164280e-05
4.047842139698332176e-06
1.537506250315345824e-06
5.839856385136954486e-07
2.218166628153994679e-07
8.425286068813875318e-08
3.200239007128402591e-08
1.215221345773898065e-08
4.615685611497610807e-09
1.753505785018205643e-09
6.639311322942376137e-10
2.542037691455334425e-10
9.731593308970332146e-11
