4.912224408192082106e-04
4.848648790023918137e-04
4.785451803109812404e-04
4.722634250922083969e-04
4.660196934782736373e-04
4.598140653856308958e-04
4.536466205132868440e-04
4.475174383420268791e-04
4.414265984932322123e-04
4.353741792913000505e-04
4.293602599109102810e-04
4.233849189479191267e-04
4.174482347738980815e-04
4.115502855351305350e-04
4.056911491517707570e-04
3.998709033161346529e-04
3.940896254921735461e-04
3.883473929139435554e-04
3.826442825846936729e-04
3.769803712756747676e-04
3.713557351945671425e-04
3.657704513031302456e-04
3.602245953430140081e-04
3.547182431466197692e-04
3.492514703091986706e-04
3.438243521872134272e-04
3.384369638977577908e-04
3.330893803173057060e-04
3.277816760805389086e-04
3.225139255796970542e-04
3.172862029629481629e-04
3.120985821339028422e-04
3.069511367501994575e-04
3.018439402226722238e-04
2.967770657143861028e-04
2.917505864389894547e-04
2.867645744642987292e-04
2.818191025003525998e-04
2.769142427085171418e-04
2.720500669972995529e-04
2.672266470213252630e-04
2.624440541803520687e-04
2.577023596183837442e-04
2.530016342225729908e-04
2.483419486222814888e-04
2.437233731882529212e-04
2.391459780315803531e-04
2.346098330026818773e-04
2.301150076905224013e-04
2.256615711536154442e-04
2.212495929889615319e-04
2.168791417294486609e-04
2.125502859087550480e-04
2.082630937944529256e-04
2.040176333869210589e-04
1.998139724189499343e-04
1.956521783542868953e-04
1.915323183872133853e-04
1.874544594414155336e-04
1.834186681692218806e-04
1.794250109506843806e-04
1.754735538928242850e-04
1.715643628287257492e-04
1.676975035535530935e-04
1.638730408778914119e-04
1.600910400433029927e-04
1.563515657788456159e-04
1.526546825356060288e-04
1.490004544856996340e-04
1.453889455218072911e-04
1.418202192559728822e-04
1.382943390191953539e-04
1.348113678604528269e-04
1.313713685459700004e-04
1.279744035584703780e-04
1.246205350964254036e-04
1.213098250733724980e-04
1.180423349188814525e-04
1.148181263697636362e-04
1.116372602827974872e-04
1.084997974241529200e-04
1.054057982714513397e-04
1.023553230129298583e-04
9.934843154687719724e-05
9.638518348086509702e-05
9.346563813103914012e-05
9.058985452157158154e-05
8.775789138385977088e-05
8.496980715598269611e-05
8.222565998193659387e-05
7.952550787808562434e-05
7.686940806472550920e-05
7.425741796674003919e-05
7.168959454569217638e-05
6.916599446595929400e-05
6.668667409427716099e-05
6.425168949886631898e-05
6.186109644907064999e-05
5.951495041470697026e-05
5.721330656539956735e-05
5.495621977013644968e-05
5.274374459667967611e-05
5.057593531096196357e-05
4.845284587659605163e-05
4.637452995430484592e-05
4.434104090139684716e-05
4.235243164769785407e-05
4.040875518995738617e-05
3.851006384795853193e-05
3.665640976025051346e-05
3.484784475937121955e-05
3.308442037153097094e-05
3.136618781596638329e-05
2.969319800454651721e-05
2.806550154133896356e-05
2.648314872209336007e-05
2.494618953384843580e-05
2.345467374731152160e-05
2.200865054379835538e-05
2.060816907557865823e-05
1.925327809045219605e-05
1.794402602539405870e-05
1.668046100613950549e-05
1.546263084677844304e-05
1.429058304939112154e-05
1.316436480370494404e-05
1.208402298663348578e-05
1.104960416202190481e-05
1.006115458022901262e-05
9.118720177810514250e-06
8.222346577176098899e-06
7.372079086261846526e-06
6.567962698199181119e-06
5.810042091036251918e-06
5.098361583542745942e-06
4.432965312557742513e-06
3.813896963014967198e-06
3.241199949557560403e-06
2.714917370278901430e-06
2.235092006454879995e-06
1.801766322283873635e-06
1.414982464640815497e-06
1.074782262842061174e-06
7.812072283908427023e-07
5.342985547778798628e-07
3.340971287971120199e-07
1.806434812231225961e-07
7.397786452938273972e-08
1.414019798729984257e-08
1.170081829462205878e-09
3.510679706849365444e-08
1.159893053268646825e-07
2.438562486733842146e-07
4.187459494647322862e-07
6.406964102020683522e-07
9.097453133874962868e-07
1.225930021386690383e-06
1.589287576320161309e-06
1.999854699925664501e-06
2.457667793471224491e-06
2.962762937621887727e-06
3.515175892383359100e-06
4.114942096992781489e-06
4.762096713963507542e-06
5.456674456493732410e-06
6.198709841379730862e-06
6.988237024120971457e-06
7.825289839099688525e-06
8.709901799625896038e-06
9.642106097822881461e-06
1.062193560467277019e-05
1.164942286993477080e-05
1.272460004921803027e-05
1.384749919131543518e-05
1.501815181382797561e-05
1.623658918175359858e-05
1.750284223891186618e-05
1.881694160803533519e-05
2.017891759069288365e-05
2.158880016750023919e-05
2.304661899796847874e-05
2.455240342073931057e-05
2.610618245355117938e-05
2.770798479331580764e-05
2.935783881629900997e-05
3.105577257808844494e-05
3.280181381372944524e-05
3.459598993783450179e-05
3.643832804474517580e-05
3.832885490855675754e-05
4.026759698328056467e-05
4.225458053748613793e-05
4.428983112216578204e-05
4.637337436094974235e-05
4.850523542894368489e-05
5.068543918193649809e-05
5.291401015659807835e-05
5.519097257050458518e-05
5.751635032252993982e-05
5.989016683088333403e-05
6.231244567509216365e-05
6.478320964285370171e-05
6.730248135970405001e-05
6.987028313345481235e-05
7.248663695432772537e-05
7.515156449521710324e-05
7.786508711204433110e-05
8.062722584376312345e-05
8.343800141276936613e-05
8.629743422519325457e-05
8.920554437114838926e-05
9.216235162487978290e-05
9.516787544519689072e-05
9.822213497565511953e-05
1.013251490450186058e-04
1.044769361673539179e-04
1.076775145423780578e-04
1.109269020559948025e-04
1.142251162804192786e-04
1.175721747038324877e-04
1.209680938206945244e-04
1.244128904863364845e-04
1.279065810216868497e-04
1.314491814358709741e-04
1.350407074260813998e-04
1.386811743787251462e-04
1.423705971133975255e-04
1.461089908983505053e-04
1.498963699405866576e-04
1.537327483853231252e-04
1.576181400684942052e-04
1.615525585171190563e-04
1.655360169498632883e-04
1.695685282773817055e-04
1.736501051026924109e-04
1.777807597216765146e-04
1.819605041234267321e-04
1.861893499908606634e-04
1.904673087010094615e-04
1.947943913256157975e-04
1.991706086313039983e-04
2.035959710806672040e-04
2.080704888318514402e-04
2.125941717399577359e-04
2.171670293568782187e-04
2.217890709320423446e-04
2.264603054129202655e-04
2.311807417749157348e-04
2.359503877134139346e-04
2.407692515933872353e-04
2.456373411594333245e-04
2.505546638567596033e-04
2.555212268316973956e-04
2.605370365785495725e-04
2.656021003450959842e-04
2.707164240402749542e-04
2.758800136203272456e-04
2.810928747455275164e-04
2.863550127805095796e-04
2.916664327948412477e-04
2.970271395639100171e-04
3.024371375691938479e-04
3.078964309989086490e-04
3.134050237487389767e-04
3.189629194222211913e-04
3.245701213315788894e-04
3.302266324981624392e-04
3.359324556531966465e-04
3.416875932382144898e-04
3.474920474060507370e-04
3.533458200208534385e-04
3.592489126594480700e-04
3.652013266113474533e-04
3.712030628798969442e-04
3.772541221825439660e-04
3.833545049517212539e-04
3.895042117806255780e-04
3.957032416545473003e-04
4.019515945886477956e-04
4.082492698816108344e-04
4.145962665506505154e-04
4.209925828635142594e-04
4.274382181997230293e-04
4.339331702791569389e-04
4.404774369987733132e-04
4.470710159770992036e-04
4.537139045554407614e-04
4.604060997978536929e-04
4.671475984927903795e-04
4.739383971530121658e-04
4.807784920162486088e-04
4.876678790468545180e-04
4.946065539356798513e-04
5.015945121010606219e-04
5.086317486897700682e-04
5.157182585773432103e-04
5.228540363691368742e-04
5.300390764011936925e-04
5.372733727406018428e-04
5.445569191865945371e-04
5.518897092711617285e-04
5.592717362597799963e-04
5.667029931523547177e-04
5.741834726838924898e-04
5.817131678815920699e-04
5.892920698535379339e-04
5.969201710881358704e-04
6.045974632686099007e-04
6.123239372404359893e-04
6.200995853052962414e-04
6.279243978031533472e-04
6.357983653780310265e-04
6.437214784165280583e-04
6.516937270483552863e-04
6.597151011469324722e-04
6.677855903303253713e-04
6.759051839625333314e-04
6.840738711537343222e-04
6.922916407609710186e-04
7.005584813899252061e-04
7.088743813944838826e-04
7.172393288788261314e-04
7.256533116971783078e-04
7.341163174555938656e-04
7.426283335120832446e-04
7.511893469776429952e-04
7.597993447177729025e-04
7.684583133521174407e-04
7.771662392562551404e-04
7.859231085624247869e-04
7.947289071597548379e-04
8.035836206965204067e-04
8.124872352519739091e-04
8.214397346628536439e-04
8.304411045147784640e-04
8.394913288069595679e-04
8.485903933555652206e-04
8.577382817017241553e-04
8.669349778256464937e-04
8.761804654724497047e-04
8.854747281538803173e-04
8.948177491482049587e-04
9.042095115020434143e-04
9.136499980305805898e-04
9.231391913192790082e-04
9.326770737235401051e-04
9.422636273708772953e-04
9.518988341611290182e-04
9.615826757673044158e-04
9.713151336369403198e-04
9.810961889928843712e-04
9.909258228336370860e-04
1.000804015935007757e-03
1.010730748850942242e-03
1.020706001913671175e-03
1.030729755235972912e-03
1.040801988710632949e-03
1.050922682012539900e-03
1.061091814598713471e-03
1.071309365710058480e-03
1.081575315165984874e-03
1.091889640206168428e-03
1.102252319397192468e-03
1.112663332718792251e-03
1.123122657553925425e-03
1.133630271863941786e-03
1.144186153399810594e-03
1.154790279703609389e-03
1.165442628109715972e-03
1.176143175744446710e-03
1.186891899528822120e-03
1.197688776177952778e-03
1.208533782203084989e-03
1.219426893911478059e-03
1.230368087408521306e-03
1.241357338597981041e-03
1.252394623182860774e-03
1.263479916666487152e-03
1.274613194353841359e-03
1.285794431352028141e-03
1.297023602571756393e-03
1.308300682727247003e-03
1.319625646338586219e-03
1.330998467731474332e-03
1.342419121038894696e-03
1.353887580201891322e-03
1.365403818970416933e-03
1.376967810904367951e-03
1.388579530294969423e-03
1.400238947575618278e-03
1.411946038479107131e-03
1.423700774906191046e-03
1.435503129480675396e-03
1.447353074642796899e-03
1.459250582648352352e-03
1.471195625571317632e-03
1.483188175304607070e-03
1.495228203559712411e-03
1.507315681869260014e-03
1.519450581587681107e-03
1.531632873891055659e-03
1.543862529778971789e-03
1.556139520075982934e-03
1.568463815431053602e-03
1.580835386320293082e-03
1.593254203046301021e-03
1.605720235740386781e-03
1.618233454362588740e-03
1.630793828703183722e-03
1.643401328383903466e-03
1.656055922858096609e-03
1.668757581411765617e-03
1.681506273165964821e-03
1.694301967075514340e-03
1.707144631931801007e-03
1.720034236362889607e-03
1.732970748831918692e-03
1.745954137648119114e-03
1.758984370953148519e-03
1.772061416732402398e-03
1.785185242812279945e-03
1.798355816861576173e-03
1.811573106393839618e-03
1.824837078765095084e-03
1.838147701178578786e-03
1.851504940683134813e-03
1.864908764175088416e-03
1.878359138398871808e-03
1.891856029948416279e-03
1.905399405267905934e-03
1.918989230652702084e-03
1.932625472249844580e-03
1.946308096060184656e-03
1.960037067937844130e-03
1.973812353591988290e-03
1.987633918588359826e-03
2.001501728348939902e-03
2.015415748153360012e-03
2.029375943140603305e-03
2.043382278308864507e-03
2.057434718516838821e-03
2.071533228485321343e-03
2.085677772797328924e-03
2.099868315899304505e-03
2.114104822081824386e-03
2.128387255559787122e-03
2.142715580357021019e-03
2.157089760382796713e-03
2.171509759414592695e-03
2.185975541098808279e-03
2.200487068952692617e-03
2.215044306363103069e-03
2.229647216589496737e-03
2.244295762764521567e-03
2.258989907893075699e-03
2.273729614855629026e-03
2.288514846408600065e-03
2.303345565183641253e-03
2.318221733690335566e-03
2.333143314316608961e-03
2.348110269329487139e-03
2.363122560876152432e-03
2.378180150984555291e-03
2.393283001564968163e-03
2.408431074409896587e-03
2.423624331196449263e-03
2.438862733485084710e-03
2.454146242722959285e-03
2.469474820243016018e-03
2.484848427266035924e-03
2.500267024900170061e-03
2.515730572803256525e-03
2.531239035843309455e-03
2.546792370858835374e-03
2.562390539820931339e-03
2.578033503292690484e-03
2.593721221731067322e-03
2.609453655487163539e-03
2.625230764808080680e-03
2.641052509836092251e-03
2.656918850611752776e-03
2.672829747072571604e-03
2.688785159055806680e-03
2.704785046297997469e-03
2.720829368435783747e-03
2.736918085008284776e-03
2.753051155456272270e-03
2.769228539123712567e-03
2.785450195259068108e-03
2.801716083015611414e-03
2.818026161452058705e-03
2.834380389533973279e-03
2.850778726134420380e-03
2.867221130034898740e-03
2.883707559925794209e-03
2.900237974407953584e-03
2.916812331992774381e-03
2.933430591103854557e-03
2.950092708598760043e-03
2.966798645652161601e-03
