1.309886977582751513e+02
1.310181022978100316e+02
1.310475068373449119e+02
1.310769113768797922e+02
1.311063159164147010e+02
1.311357204559495813e+02
1.311651249954844616e+02
1.311945295350193419e+02
1.312239340745542222e+02
1.312533386140891025e+02
1.312827431536239828e+02
1.313121476931588916e+02
1.313415522326937719e+02
1.313709567722286522e+02
1.314003613117635325e+02
1.314297658512984128e+02
1.314591703908332931e+02
1.314885749303682019e+02
1.315179794699030822e+02
1.315473840094379625e+02
1.315767885489728428e+02
1.316061930885077231e+02
1.316355976280426034e+02
1.316650021675774838e+02
1.316944067071123925e+02
1.317238112466472728e+02
1.317532157861821531e+02
1.317826203257170334e+02
1.318120248652519138e+02
1.318414294047867941e+02
1.318708339443216744e+02
1.319002384838565831e+02
1.319296430233914634e+02
1.319590475629263437e+02
1.319884521024612241e+02
1.320178566419961044e+02
1.320472611815309847e+02
1.320766657210658650e+02
1.321060702606007737e+02
1.321354748001356540e+02
1.321648793396705344e+02
1.321942838792054147e+02
1.322236884187402950e+02
1.322530929582751753e+02
1.322824974978100840e+02
1.323119020373449644e+02
1.323413065768798447e+02
1.323707111164147250e+02
1.324001156559496053e+02
1.324295201954844856e+02
1.324589247350193659e+02
1.324883292745542747e+02
1.325177338140891550e+02
1.325471383536240353e+02
1.325765428931589156e+02
1.326059474326937959e+02
1.326353519722286762e+02
1.326647565117635565e+02
1.326941610512984653e+02
1.327235655908333456e+02
1.327529701303682259e+02
1.327823746699031062e+02
1.328117792094379865e+02
1.328411837489728669e+02
1.328705882885077472e+02
1.328999928280426559e+02
1.329293973675775362e+02
1.329588019071124165e+02
1.329882064466472968e+02
1.330176109861821772e+02
1.330470155257170575e+02
1.330764200652519662e+02
1.331058246047868465e+02
1.331352291443217268e+02
1.331646336838566071e+02
1.331940382233914875e+02
1.332234427629263678e+02
1.332528473024612481e+02
1.332822518419961568e+02
1.333116563815310371e+02
1.333410609210659175e+02
1.333704654606007978e+02
1.333998700001356781e+02
1.334292745396705584e+02
1.334586790792054387e+02
1.334880836187403474e+02
1.335174881582752278e+02
1.335468926978101081e+02
1.335762972373449884e+02
1.336057017768798687e+02
1.336351063164147490e+02
1.336645108559496293e+02
1.336939153954845381e+02
1.337233199350194184e+02
1.337527244745542987e+02
1.337821290140891790e+02
1.338115335536240593e+02
1.338409380931589396e+02
1.338703426326938484e+02
1.338997471722287287e+02
1.339291517117636090e+02
1.339585562512984893e+02
1.339879607908333696e+02
1.340173653303682499e+02
1.340467698699031303e+02
1.340761744094380390e+02
1.341055789489729193e+02
1.341349834885077996e+02
1.341643880280426799e+02
1.341937925675775602e+02
1.342231971071124406e+02
1.342526016466473209e+02
1.342820061861822296e+02
1.343114107257171099e+02
1.343408152652519902e+02
1.343702198047868706e+02
1.343996243443217509e+02
1.344290288838566312e+02
1.344584334233915115e+02
1.344878379629264202e+02
1.345172425024613005e+02
1.345466470419961809e+02
1.345760515815310612e+02
1.346054561210659415e+02
1.346348606606008218e+02
1.346642652001357305e+02
1.346936697396706109e+02
1.347230742792054912e+02
1.347524788187403715e+02
1.347818833582752518e+02
1.348112878978101321e+02
1.348406924373450124e+02
1.348700969768799212e+02
1.348995015164148015e+02
1.349289060559496818e+02
1.349583105954845621e+02
1.349877151350194424e+02
1.350171196745543227e+02
1.350465242140892030e+02
1.350759287536241118e+02
1.351053332931589921e+02
1.351347378326938724e+02
1.351641423722287527e+02
1.351935469117636330e+02
1.352229514512985133e+02
1.352523559908333937e+02
1.352817605303683024e+02
1.353111650699031827e+02
1.353405696094380630e+02
1.353699741489729433e+02
1.353993786885078237e+02
1.354287832280427040e+02
1.354581877675776127e+02
1.354875923071124930e+02
1.355169968466473733e+02
1.355464013861822536e+02
1.355758059257171340e+02
1.356052104652520143e+02
1.356346150047868946e+02
1.356640195443218033e+02
1.356934240838566836e+02
1.357228286233915640e+02
1.357522331629264443e+02
1.357816377024613246e+02
1.358110422419962049e+02
1.358404467815310852e+02
1.358698513210659939e+02
1.358992558606008743e+02
1.359286604001357546e+02
1.359580649396706349e+02
1.359874694792055152e+02
1.360168740187403955e+02
1.360462785582752758e+02
1.360756830978101846e+02
1.361050876373450649e+02
1.361344921768799452e+02
1.361638967164148255e+02
1.361933012559497058e+02
1.362227057954845861e+02
1.362521103350194949e+02
1.362815148745543752e+02
1.363109194140892555e+02
1.363403239536241358e+02
1.363697284931590161e+02
1.363991330326938964e+02
1.364285375722287768e+02
1.364579421117636855e+02
1.364873466512985658e+02
1.365167511908334461e+02
1.365461557303683264e+02
1.365755602699032067e+02
1.366049648094380871e+02
1.366343693489729674e+02
1.366637738885078761e+02
1.366931784280427564e+02
1.367225829675776367e+02
1.367519875071125171e+02
1.367813920466473974e+02
1.368107965861822777e+02
1.368402011257171580e+02
1.368696056652520667e+02
1.368990102047869470e+02
1.369284147443218274e+02
1.369578192838567077e+02
1.369872238233915880e+02
1.370166283629264683e+02
1.370460329024613770e+02
1.370754374419962573e+02
1.371048419815311377e+02
1.371342465210660180e+02
1.371636510606008983e+02
1.371930556001357786e+02
1.372224601396706589e+02
1.372518646792055677e+02
1.372812692187404480e+02
1.373106737582753283e+02
1.373400782978102086e+02
1.373694828373450889e+02
1.373988873768799692e+02
1.374282919164148495e+02
1.374576964559497583e+02
1.374871009954846386e+02
1.375165055350195189e+02
1.375459100745543992e+02
1.375753146140892795e+02
1.376047191536241598e+02
1.376341236931590686e+02
1.376635282326939489e+02
1.376929327722288292e+02
1.377223373117637095e+02
1.377517418512985898e+02
1.377811463908334702e+02
1.378105509303683505e+02
1.378399554699032592e+02
1.378693600094381395e+02
1.378987645489730198e+02
1.379281690885079001e+02
1.379575736280427805e+02
1.379869781675776608e+02
1.380163827071125411e+02
1.380457872466474498e+02
1.380751917861823301e+02
1.381045963257172104e+02
1.381340008652520908e+02
1.381634054047869711e+02
1.381928099443218514e+02
1.382222144838567601e+02
1.382516190233916404e+02
1.382810235629265208e+02
1.383104281024614011e+02
1.383398326419962814e+02
1.383692371815311617e+02
1.383986417210660420e+02
1.384280462606009507e+02
1.384574508001358311e+02
1.384868553396707114e+02
1.385162598792055917e+02
1.385456644187404720e+02
1.385750689582753523e+02
1.386044734978102326e+02
1.386338780373451414e+02
1.386632825768800217e+02
1.386926871164149020e+02
1.387220916559497823e+02
1.387514961954846626e+02
1.387809007350195429e+02
1.388103052745544232e+02
1.388397098140893320e+02
1.388691143536242123e+02
1.388985188931590926e+02
1.389279234326939729e+02
1.389573279722288532e+02
1.389867325117637336e+02
1.390161370512986423e+02
1.390455415908335226e+02
1.390749461303684029e+02
1.391043506699032832e+02
1.391337552094381635e+02
1.391631597489730439e+02
1.391925642885079242e+02
1.392219688280428045e+02
1.392513733675777132e+02
1.392807779071125935e+02
1.393101824466474739e+02
1.393395869861823542e+02
1.393689915257172345e+02
1.393983960652521148e+02
1.394278006047870235e+02
1.394572051443219038e+02
1.394866096838567842e+02
1.395160142233916645e+02
1.395454187629265448e+02
1.395748233024614251e+02
1.396042278419963054e+02
1.396336323815312142e+02
1.396630369210660945e+02
1.396924414606009748e+02
1.397218460001358551e+02
1.397512505396707354e+02
1.397806550792056157e+02
1.398100596187405245e+02
1.398394641582754048e+02
1.398688686978102851e+02
1.398982732373451654e+02
1.399276777768800457e+02
1.399570823164149260e+02
1.399864868559498063e+02
1.400158913954847151e+02
1.400452959350195954e+02
1.400747004745544757e+02
1.401041050140893560e+02
1.401335095536242363e+02
1.401629140931591166e+02
1.401923186326939970e+02
1.402217231722289057e+02
1.402511277117637860e+02
1.402805322512986663e+02
1.403099367908335466e+02
1.403393413303684270e+02
1.403687458699033073e+02
1.403981504094381876e+02
1.404275549489730963e+02
1.404569594885079766e+02
1.404863640280428569e+02
1.405157685675777373e+02
1.405451731071126176e+02
1.405745776466474979e+02
1.406039821861824066e+02
1.406333867257172869e+02
1.406627912652521672e+02
1.406921958047870476e+02
1.407216003443219279e+02
1.407510048838568082e+02
1.407804094233916885e+02
1.408098139629265972e+02
1.408392185024614776e+02
1.408686230419963579e+02
1.408980275815312382e+02
1.409274321210661185e+02
1.409568366606009988e+02
1.409862412001358791e+02
1.410156457396707879e+02
1.410450502792056682e+02
1.410744548187405485e+02
1.411038593582754288e+02
1.411332638978103091e+02
1.411626684373451894e+02
1.411920729768800697e+02
1.412214775164149785e+02
1.412508820559498588e+02
1.412802865954847391e+02
1.413096911350196194e+02
1.413390956745544997e+02
1.413685002140893801e+02
1.413979047536242888e+02
1.414273092931591691e+02
1.414567138326940494e+02
1.414861183722289297e+02
1.415155229117638100e+02
1.415449274512986904e+02
1.415743319908335707e+02
1.416037365303684794e+02
1.416331410699033597e+02
1.416625456094382400e+02
1.416919501489731203e+02
1.417213546885080007e+02
1.417507592280428810e+02
1.417801637675777613e+02
1.418095683071126700e+02
1.418389728466475503e+02
1.418683773861824307e+02
1.418977819257173110e+02
1.419271864652521913e+02
1.419565910047870716e+02
1.419859955443219519e+02
1.420154000838568606e+02
1.420448046233917410e+02
1.420742091629266213e+02
1.421036137024615016e+02
1.421330182419963819e+02
1.421624227815312622e+02
1.421918273210661710e+02
1.422212318606010513e+02
1.422506364001359316e+02
1.422800409396708119e+02
1.423094454792056922e+02
1.423388500187405725e+02
1.423682545582754528e+02
1.423976590978103616e+02
1.424270636373452419e+02
1.424564681768801222e+02
1.424858727164150025e+02
1.425152772559498828e+02
1.425446817954847631e+02
1.425740863350196435e+02
1.426034908745545522e+02
1.426328954140894325e+02
1.426622999536243128e+02
1.426917044931591931e+02
1.427211090326940734e+02
1.427505135722289538e+02
1.427799181117638341e+02
1.428093226512987428e+02
1.428387271908336231e+02
1.428681317303685034e+02
1.428975362699033838e+02
1.429269408094382641e+02
1.429563453489731444e+02
1.429857498885080531e+02
1.430151544280429334e+02
1.430445589675778137e+02
1.430739635071126941e+02
1.431033680466475744e+02
1.431327725861824547e+02
1.431621771257173350e+02
1.431915816652522437e+02
1.432209862047871241e+02
1.432503907443220044e+02
1.432797952838568847e+02
1.433091998233917650e+02
1.433386043629266453e+02
1.433680089024615256e+02
1.433974134419964344e+02
1.434268179815313147e+02
1.434562225210661950e+02
1.434856270606010753e+02
1.435150316001359556e+02
1.435444361396708359e+02
1.435738406792057162e+02
1.436032452187406250e+02
1.436326497582755053e+02
1.436620542978103856e+02
1.436914588373452659e+02
1.437208633768801462e+02
1.437502679164150265e+02
1.437796724559499353e+02
1.438090769954848156e+02
1.438384815350196959e+02
1.438678860745545762e+02
1.438972906140894565e+02
1.439266951536243369e+02
1.439560996931592172e+02
1.439855042326941259e+02
1.440149087722290062e+02
1.440443133117638865e+02
1.440737178512987668e+02
1.441031223908336472e+02
1.441325269303685275e+02
1.441619314699034078e+02
1.441913360094383165e+02
1.442207405489731968e+02
1.442501450885080772e+02
1.442795496280429575e+02
1.443089541675778378e+02
1.443383587071127181e+02
1.443677632466475984e+02
1.443971677861825071e+02
1.444265723257173875e+02
1.444559768652522678e+02
1.444853814047871481e+02
1.445147859443220284e+02
1.445441904838569087e+02
1.445735950233918174e+02
1.446029995629266978e+02
1.446324041024615781e+02
1.446618086419964584e+02
1.446912131815313387e+02
1.447206177210662190e+02
1.447500222606010993e+02
1.447794268001360081e+02
1.448088313396708884e+02
1.448382358792057687e+02
1.448676404187406490e+02
1.448970449582755293e+02
1.449264494978104096e+02
1.449558540373452900e+02
1.449852585768801987e+02
1.450146631164150790e+02
1.450440676559499593e+02
1.450734721954848396e+02
1.451028767350197199e+02
1.451322812745546003e+02
1.451616858140894806e+02
1.451910903536243893e+02
1.452204948931592696e+02
1.452498994326941499e+02
1.452793039722290303e+02
1.453087085117639106e+02
1.453381130512987909e+02
1.453675175908336996e+02
1.453969221303685799e+02
1.454263266699034602e+02
1.454557312094383406e+02
1.454851357489732209e+02
1.455145402885081012e+02
1.455439448280429815e+02
1.455733493675778902e+02
1.456027539071127705e+02
1.456321584466476509e+02
1.456615629861825312e+02
