1.318955678805069738e+02
1.319258431503579629e+02
1.319561184202089521e+02
1.319863936900599413e+02
1.320166689599109304e+02
1.320469442297619196e+02
1.320772194996128803e+02
1.321074947694638695e+02
1.321377700393148586e+02
1.321680453091658478e+02
1.321983205790168370e+02
1.322285958488678261e+02
1.322588711187188153e+02
1.322891463885698045e+02
1.323194216584207936e+02
1.323496969282717828e+02
1.323799721981227719e+02
1.324102474679737611e+02
1.324405227378247218e+02
1.324707980076757110e+02
1.325010732775267002e+02
1.325313485473776893e+02
1.325616238172286785e+02
1.325918990870796677e+02
1.326221743569306568e+02
1.326524496267816460e+02
1.326827248966326351e+02
1.327130001664836243e+02
1.327432754363346135e+02
1.327735507061855742e+02
1.328038259760365634e+02
1.328341012458875525e+02
1.328643765157385417e+02
1.328946517855895308e+02
1.329249270554405200e+02
1.329552023252915092e+02
1.329854775951424983e+02
1.330157528649934875e+02
1.330460281348444767e+02
1.330763034046954658e+02
1.331065786745464550e+02
1.331368539443974157e+02
1.331671292142484049e+02
1.331974044840993940e+02
1.332276797539503832e+02
1.332579550238013724e+02
1.332882302936523615e+02
1.333185055635033507e+02
1.333487808333543398e+02
1.333790561032053290e+02
1.334093313730563182e+02
1.334396066429073073e+02
1.334698819127582965e+02
1.335001571826092572e+02
1.335304324524602464e+02
1.335607077223112356e+02
1.335909829921622247e+02
1.336212582620132139e+02
1.336515335318642030e+02
1.336818088017151922e+02
1.337120840715661814e+02
1.337423593414171705e+02
1.337726346112681597e+02
1.338029098811191488e+02
1.338331851509701096e+02
1.338634604208210988e+02
1.338937356906720879e+02
1.339240109605230771e+02
1.339542862303740662e+02
1.339845615002250554e+02
1.340148367700760446e+02
1.340451120399270337e+02
1.340753873097780229e+02
1.341056625796290120e+02
1.341359378494800012e+02
1.341662131193309904e+02
1.341964883891819511e+02
1.342267636590329403e+02
1.342570389288839294e+02
1.342873141987349186e+02
1.343175894685859078e+02
1.343478647384368969e+02
1.343781400082878861e+02
1.344084152781388752e+02
1.344386905479898644e+02
1.344689658178408536e+02
1.344992410876918427e+02
1.345295163575428319e+02
1.345597916273937926e+02
1.345900668972447818e+02
1.346203421670957709e+02
1.346506174369467601e+02
1.346808927067977493e+02
1.347111679766487384e+02
1.347414432464997276e+02
1.347717185163507168e+02
1.348019937862017059e+02
1.348322690560526951e+02
1.348625443259036842e+02
1.348928195957546450e+02
1.349230948656056341e+02
1.349533701354566233e+02
1.349836454053076125e+02
1.350139206751586016e+02
1.350441959450095908e+02
1.350744712148605799e+02
1.351047464847115691e+02
1.351350217545625583e+02
1.351652970244135474e+02
1.351955722942645366e+02
1.352258475641155258e+02
1.352561228339664865e+02
1.352863981038174757e+02
1.353166733736684648e+02
1.353469486435194540e+02
1.353772239133704431e+02
1.354074991832214323e+02
1.354377744530724215e+02
1.354680497229234106e+02
1.354983249927743998e+02
1.355286002626253890e+02
1.355588755324763781e+02
1.355891508023273389e+02
1.356194260721783280e+02
1.356497013420293172e+02
1.356799766118803063e+02
1.357102518817312955e+02
1.357405271515822847e+02
1.357708024214332738e+02
1.358010776912842630e+02
1.358313529611352521e+02
1.358616282309862413e+02
1.358919035008372305e+02
1.359221787706882196e+02
1.359524540405391804e+02
1.359827293103901695e+02
1.360130045802411587e+02
1.360432798500921479e+02
1.360735551199431370e+02
1.361038303897941262e+02
1.361341056596451153e+02
1.361643809294961045e+02
1.361946561993470937e+02
1.362249314691980828e+02
1.362552067390490720e+02
1.362854820089000327e+02
1.363157572787510219e+02
1.363460325486020110e+02
1.363763078184530002e+02
1.364065830883039894e+02
1.364368583581549785e+02
1.364671336280059677e+02
1.364974088978569569e+02
1.365276841677079460e+02
1.365579594375589352e+02
1.365882347074099243e+02
1.366185099772609135e+02
1.366487852471118742e+02
1.366790605169628634e+02
1.367093357868138526e+02
1.367396110566648417e+02
1.367698863265158309e+02
1.368001615963668200e+02
1.368304368662178092e+02
1.368607121360687984e+02
1.368909874059197875e+02
1.369212626757707767e+02
1.369515379456217659e+02
1.369818132154727550e+02
1.370120884853237158e+02
1.370423637551747049e+02
1.370726390250256941e+02
1.371029142948766832e+02
1.371331895647276724e+02
1.371634648345786616e+02
1.371937401044296507e+02
1.372240153742806399e+02
1.372542906441316291e+02
1.372845659139826182e+02
1.373148411838336074e+02
1.373451164536845681e+02
1.373753917235355573e+02
1.374056669933865464e+02
1.374359422632375356e+02
1.374662175330885248e+02
1.374964928029395139e+02
1.375267680727905031e+02
1.375570433426414922e+02
1.375873186124924814e+02
1.376175938823434706e+02
1.376478691521944597e+02
1.376781444220454489e+02
1.377084196918964096e+02
1.377386949617473988e+02
1.377689702315983880e+02
1.377992455014493771e+02
1.378295207713003663e+02
1.378597960411513554e+02
1.378900713110023446e+02
1.379203465808533338e+02
1.379506218507043229e+02
1.379808971205553121e+02
1.380111723904063012e+02
1.380414476602572904e+02
1.380717229301082511e+02
1.381019981999592403e+02
1.381322734698102295e+02
1.381625487396612186e+02
1.381928240095122078e+02
1.382230992793631970e+02
1.382533745492141861e+02
1.382836498190651753e+02
1.383139250889161644e+02
1.383442003587671536e+02
1.383744756286181428e+02
1.384047508984691035e+02
1.384350261683200927e+02
1.384653014381710818e+02
1.384955767080220710e+02
1.385258519778730602e+02
1.385561272477240493e+02
1.385864025175750385e+02
1.386166777874260276e+02
1.386469530572770168e+02
1.386772283271280060e+02
1.387075035969789951e+02
1.387377788668299843e+02
1.387680541366809450e+02
1.387983294065319342e+02
1.388286046763829233e+02
1.388588799462339125e+02
1.388891552160849017e+02
1.389194304859358908e+02
1.389497057557868800e+02
1.389799810256378692e+02
1.390102562954888583e+02
1.390405315653398475e+02
1.390708068351908366e+02
1.391010821050418258e+02
1.391313573748927865e+02
1.391616326447437757e+02
1.391919079145947649e+02
1.392221831844457540e+02
1.392524584542967432e+02
1.392827337241477323e+02
1.393130089939987215e+02
1.393432842638497107e+02
1.393735595337006998e+02
1.394038348035516890e+02
1.394341100734026782e+02
1.394643853432536389e+02
1.394946606131046281e+02
1.395249358829556172e+02
1.395552111528066064e+02
1.395854864226575955e+02
1.396157616925085847e+02
1.396460369623595739e+02
1.396763122322105630e+02
1.397065875020615522e+02
1.397368627719125413e+02
1.397671380417635305e+02
1.397974133116144912e+02
1.398276885814654804e+02
1.398579638513164696e+02
1.398882391211674587e+02
1.399185143910184479e+02
1.399487896608694371e+02
1.399790649307204262e+02
1.400093402005714154e+02
1.400396154704224045e+02
1.400698907402733937e+02
1.401001660101243829e+02
1.401304412799753720e+02
1.401607165498263612e+02
1.401909918196773219e+02
1.402212670895283111e+02
1.402515423593793003e+02
1.402818176292302894e+02
1.403120928990812786e+02
1.403423681689322677e+02
1.403726434387832569e+02
1.404029187086342461e+02
1.404331939784852352e+02
1.404634692483362244e+02
1.404937445181872135e+02
1.405240197880381743e+02
1.405542950578891634e+02
1.405845703277401526e+02
1.406148455975911418e+02
1.406451208674421309e+02
1.406753961372931201e+02
1.407056714071441093e+02
1.407359466769950984e+02
1.407662219468460876e+02
1.407964972166970767e+02
1.408267724865480659e+02
1.408570477563990266e+02
1.408873230262500158e+02
1.409175982961010050e+02
1.409478735659519941e+02
1.409781488358029833e+02
1.410084241056539724e+02
1.410386993755049616e+02
1.410689746453559508e+02
1.410992499152069399e+02
1.411295251850579291e+02
1.411598004549089183e+02
1.411900757247599074e+02
1.412203509946108682e+02
1.412506262644618573e+02
1.412809015343128465e+02
1.413111768041638356e+02
1.413414520740148248e+02
1.413717273438658140e+02
1.414020026137168031e+02
1.414322778835677923e+02
1.414625531534187814e+02
1.414928284232697706e+02
1.415231036931207598e+02
1.415533789629717489e+02
1.415836542328227097e+02
1.416139295026736988e+02
1.416442047725246880e+02
1.416744800423756772e+02
1.417047553122266663e+02
1.417350305820776555e+02
1.417653058519286446e+02
1.417955811217796338e+02
1.418258563916306230e+02
1.418561316614816121e+02
1.418864069313326013e+02
1.419166822011835620e+02
1.419469574710345512e+02
1.419772327408855404e+02
1.420075080107365295e+02
1.420377832805875187e+02
1.420680585504385078e+02
1.420983338202894970e+02
1.421286090901404862e+02
1.421588843599914753e+02
1.421891596298424645e+02
1.422194348996934536e+02
1.422497101695444144e+02
1.422799854393954035e+02
1.423102607092463927e+02
1.423405359790973819e+02
1.423708112489483710e+02
1.424010865187993602e+02
1.424313617886503494e+02
1.424616370585013385e+02
1.424919123283523277e+02
1.425221875982033168e+02
1.425524628680543060e+02
1.425827381379052952e+02
1.426130134077562843e+02
1.426432886776072451e+02
1.426735639474582342e+02
1.427038392173092234e+02
1.427341144871602125e+02
1.427643897570112017e+02
1.427946650268621909e+02
1.428249402967131800e+02
1.428552155665641692e+02
1.428854908364151584e+02
1.429157661062661475e+02
1.429460413761171367e+02
1.429763166459680974e+02
1.430065919158190866e+02
1.430368671856700757e+02
1.430671424555210649e+02
1.430974177253720541e+02
1.431276929952230432e+02
1.431579682650740324e+02
1.431882435349250215e+02
1.432185188047760107e+02
1.432487940746269999e+02
1.432790693444779890e+02
1.433093446143289498e+02
1.433396198841799389e+02
1.433698951540309281e+02
1.434001704238819173e+02
1.434304456937329064e+02
1.434607209635838956e+02
1.434909962334348847e+02
1.435212715032858739e+02
1.435515467731368631e+02
1.435818220429878522e+02
1.436120973128388414e+02
1.436423725826898306e+02
1.436726478525408197e+02
1.437029231223917805e+02
1.437331983922427696e+02
1.437634736620937588e+02
1.437937489319447479e+02
1.438240242017957371e+02
1.438542994716467263e+02
1.438845747414977154e+02
1.439148500113487046e+02
1.439451252811996937e+02
1.439754005510506829e+02
1.440056758209016721e+02
1.440359510907526328e+02
1.440662263606036220e+02
1.440965016304546111e+02
1.441267769003056003e+02
1.441570521701565895e+02
1.441873274400075786e+02
1.442176027098585678e+02
1.442478779797095569e+02
1.442781532495605461e+02
1.443084285194115353e+02
1.443387037892625244e+02
1.443689790591134852e+02
1.443992543289644743e+02
1.444295295988154635e+02
1.444598048686664526e+02
1.444900801385174418e+02
1.445203554083684310e+02
1.445506306782194201e+02
1.445809059480704093e+02
1.446111812179213985e+02
1.446414564877723876e+02
1.446717317576233768e+02
1.447020070274743659e+02
1.447322822973253267e+02
1.447625575671763158e+02
1.447928328370273050e+02
1.448231081068782942e+02
1.448533833767292833e+02
1.448836586465802725e+02
1.449139339164312617e+02
1.449442091862822508e+02
1.449744844561332400e+02
1.450047597259842291e+02
1.450350349958352183e+02
1.450653102656862075e+02
1.450955855355371682e+02
1.451258608053881574e+02
1.451561360752391465e+02
1.451864113450901357e+02
1.452166866149411248e+02
1.452469618847921140e+02
1.452772371546431032e+02
1.453075124244940923e+02
1.453377876943450815e+02
1.453680629641960707e+02
1.453983382340470598e+02
1.454286135038980206e+02
1.454588887737490097e+02
1.454891640435999989e+02
1.455194393134509880e+02
1.455497145833019772e+02
1.455799898531529664e+02
1.456102651230039555e+02
1.456405403928549447e+02
1.456708156627059338e+02
1.457010909325569230e+02
1.457313662024079122e+02
1.457616414722588729e+02
1.457919167421098621e+02
1.458221920119608512e+02
1.458524672818118404e+02
1.458827425516628296e+02
1.459130178215138187e+02
1.459432930913648079e+02
1.459735683612157970e+02
1.460038436310667862e+02
1.460341189009177754e+02
1.460643941707687645e+02
1.460946694406197537e+02
1.461249447104707428e+02
1.461552199803217036e+02
1.461854952501726927e+02
1.462157705200236819e+02
1.462460457898746711e+02
1.462763210597256602e+02
1.463065963295766494e+02
1.463368715994276386e+02
1.463671468692786277e+02
1.463974221391296169e+02
1.464276974089806060e+02
1.464579726788315952e+02
1.464882479486825559e+02
1.465185232185335451e+02
1.465487984883845343e+02
1.465790737582355234e+02
1.466093490280865126e+02
1.466396242979375018e+02
1.466698995677884909e+02
1.467001748376394801e+02
1.467304501074904692e+02
1.467607253773414584e+02
1.467910006471924476e+02
1.468212759170434083e+02
1.468515511868943975e+02
1.468818264567453866e+02
1.469121017265963758e+02
1.469423769964473649e+02
1.469726522662983541e+02
1.470029275361493433e+02
