1.430248708740618895e+02
5.396004056887159095e+01
2.020659553301948108e+01
7.819939845165208681e+00
2.959026812215597602e+00
1.136313518168208248e+00
4.325460282484527852e-01
1.655326532759318070e-01
6.315100169376819395e-02
2.413663227935103350e-02
9.215332964686240302e-03
3.520565703183820006e-03
1.344504187272832496e-03
5.135673695804143790e-04
1.961486641448573209e-04
7.492021813959581777e-05
2.861535540432669222e-05
1.092964612325886264e-05
4.174550667812582105e-06
1.594464265508577228e-06
6.090031092753633857e-07
2.326032699784263968e-07
8.884126145858317614e-08
3.393097358639352024e-08
1.296166374231688678e-08
4.951289156451821327e-09
1.889475242933258414e-09
7.207745511550456285e-10
2.728484105318784714e-10
1.050466380547732115e-10
4.183675628155469894e-11
