4.853433416904061174e-04
4.794846340729945955e-04
4.736578634446131668e-04
4.678631050829309664e-04
4.621004337809745299e-04
4.563699241960991336e-04
4.506716508493078068e-04
4.450056881238470736e-04
4.393721102643333566e-04
4.337709913758034871e-04
4.282024054226077348e-04
4.226664258957210695e-04
4.171631271345270443e-04
4.116925823470421312e-04
4.062548649245058675e-04
4.008500481123300507e-04
3.954782050090969894e-04
3.901394085654176763e-04
3.848337315832002763e-04
3.795612467144099627e-04
3.743220264600434781e-04
3.691161431692828606e-04
3.639436690384279926e-04
3.588046761097910941e-04
3.536992362708310956e-04
3.486274212530838016e-04
3.435893026313236939e-04
3.385849518222632686e-04
3.336144400838663565e-04
3.286778385142596925e-04
3.237752183521073329e-04
3.189066497730520268e-04
3.140722036882039828e-04
3.092719505464507556e-04
3.045059606320557805e-04
2.997743040635540593e-04
2.950770507927947010e-04
2.904142706041156277e-04
2.857860331131901457e-04
2.811924077661925436e-04
2.766334638388710993e-04
2.721092701610238482e-04
2.676198962111777800e-04
2.631654104760297857e-04
2.587458815398914350e-04
2.543613778120684004e-04
2.500119675257132085e-04
2.456977187369593961e-04
2.414186993240239265e-04
2.371749769862032179e-04
2.329666192430435395e-04
2.287936934334250773e-04
2.246562667146240178e-04
2.205544060613266830e-04
2.164881782648371957e-04
2.124576499322338883e-04
2.084628874853054303e-04
2.045039571598121606e-04
2.005809252459627530e-04
1.966938571235731350e-04
1.928428187043662177e-04
1.890278754708649427e-04
1.852490927151129185e-04
1.815065355378079270e-04
1.778002688474509055e-04
1.741303573593777545e-04
1.704968655951012268e-04
1.668998578812577608e-04
1.633393983489022066e-04
1.598155509326143898e-04
1.563283793696535959e-04
1.528779469866127364e-04
1.494643175474250454e-04
1.460875539811691917e-04
1.427477192275159574e-04
1.394448760246996821e-04
1.361790869087933656e-04
1.329504142126471252e-04
1.297589200653086899e-04
1.266046663912437505e-04
1.234877149092347085e-04
1.204081271320407785e-04
1.173659643651473068e-04
1.143612877063844850e-04
1.113941580448455732e-04
1.084646360603138993e-04
1.055727822223611690e-04
1.027186569687676645e-04
9.990231998903791846e-05
9.712383129610311955e-05
9.438325051134130634e-05
9.168063704220097605e-05
8.901605008138571023e-05
8.638954860632254982e-05
8.380119137814040563e-05
8.125103694120778164e-05
7.873914362220301745e-05
7.626556952958186367e-05
7.383037255271094690e-05
7.143361036125023527e-05
6.907534040440279765e-05
6.675561976510717551e-05
6.447450573988010249e-05
6.223205496733936527e-05
6.002832400797929586e-05
5.786336919842536989e-05
5.573724665077884699e-05
5.365001225182714645e-05
5.160172166255975763e-05
4.959243031738624566e-05
4.762219342347328210e-05
4.569106596018799525e-05
4.379910267839998107e-05
4.194635809980480851e-05
4.013288651636118303e-05
3.835874198962437910e-05
3.662397846094593817e-05
3.492864930692809777e-05
3.327280800566342444e-05
3.165650769094749254e-05
3.007980126313603223e-05
2.854274138851401867e-05
2.704538049870813273e-05
2.558777079016046210e-05
2.416996422344877432e-05
2.279201252280344374e-05
2.145396717547004564e-05
2.015587943120415870e-05
1.889780030163432166e-05
1.767978055981658889e-05
1.650187073956286714e-05
1.536412106301488561e-05
1.426658172938897619e-05
1.320930247842270394e-05
1.219233288183813009e-05
1.121572226951690718e-05
1.027951972900456328e-05
9.383774104944197714e-06
8.528533998642151388e-06
7.713847767484626410e-06
6.939763524553204269e-06
6.206329138027651190e-06
5.513592230769180465e-06
4.861600179828849775e-06
4.250400154414129151e-06
3.680038959613316121e-06
3.150563272631334446e-06
2.662019482616608471e-06
2.214453730603547197e-06
1.807911909068300062e-06
1.442439661504182100e-06
1.118082381972415289e-06
8.348852146999831406e-07
5.928930536344351628e-07
3.921505420483002357e-07
2.327020721221197158e-07
1.145917845415832930e-07
3.786356810311253877e-08
2.561059324401241216e-09
8.727642053677727407e-09
5.640644709291505666e-08
1.456403590686573188e-07
2.764719899934959574e-07
4.489437137431337859e-07
6.630976452546807668e-07
9.189756446068698463e-07
1.216619316673635461e-06
1.556070010789666231e-06
1.937368820411843351e-06
2.360556582789693209e-06
2.825673878652357044e-06
3.332761031895959556e-06
3.881858109252687321e-06
4.473004879116990293e-06
5.106240971224746631e-06
5.781605641633558064e-06
6.499137925474679373e-06
7.258876599308835410e-06
8.060860180767847387e-06
8.905126928346495703e-06
9.791714841115164864e-06
1.072066165847222103e-05
1.169200485990023337e-05
1.270578166466934317e-05
1.376202903167552961e-05
1.486078365914772614e-05
1.600208198445723806e-05
1.718596018384616850e-05
1.841245417227968572e-05
1.968159960319890292e-05
2.099343186829450702e-05
2.234798619014947616e-05
2.374529725530527088e-05
2.518539975754522257e-05
2.666832803976257939e-05
2.819411618217099861e-05
2.976279800213825361e-05
3.137440705409549641e-05
3.302897662925891243e-05
3.472653975561154318e-05
3.646712919760906088e-05
3.825077733442844188e-05
4.007751664177419839e-05
4.194737897610789087e-05
4.386039604683546043e-05
4.581659929925035871e-05
4.781601991447681022e-05
4.985868880927649230e-05
5.194463663611213717e-05
5.407389378283267281e-05
5.624649037285397979e-05
5.846245626484020363e-05
6.072182105270752914e-05
6.302461406566596286e-05
6.537086436796601605e-05
6.776060075896659599e-05
7.019385177307596450e-05
7.267064567963809989e-05
7.519101048299272119e-05
7.775497392229933566e-05
8.036256365072493100e-05
8.301380652514773301e-05
8.570872966246900900e-05
8.844735974131281769e-05
9.122972317511457636e-05
9.405584611207835682e-05
9.692575443529353205e-05
9.983947376261466009e-05
1.027970294468148310e-04
1.057984465755007193e-04
1.088437497583371493e-04
1.119329639717880518e-04
1.150661133019299169e-04
1.182432217763283125e-04
1.214643131574645607e-04
1.247294109430132519e-04
1.280385383658160891e-04
1.313917183940314264e-04
1.347889737311088712e-04
1.382303268158552854e-04
1.417157998227678792e-04
1.452454146616721147e-04
1.488191929783209987e-04
1.524371561541080675e-04
1.560993253063155603e-04
1.598057212883502605e-04
1.635563646897222727e-04
1.673512758360394385e-04
1.711904747894288478e-04
1.750739813485228794e-04
1.790018153250122869e-04
1.829739954457759504e-04
1.869905409887728733e-04
1.910514707001133782e-04
1.951568030630898359e-04
1.993065562985594423e-04
2.035007483649094704e-04
2.077393969584018024e-04
2.120225192106992799e-04
2.163501328907351190e-04
2.207222546148356090e-04
2.251389010322650465e-04
2.296000885309979595e-04
2.341058332378994635e-04
2.386561510191890839e-04
2.432510574802733275e-04
2.478905679663688283e-04
2.525746975623432674e-04
2.573034610933003273e-04
2.620768731246936691e-04
2.668949479623647435e-04
2.717576996531809522e-04
2.766651419851093199e-04
2.816172884871316010e-04
2.866141524303200249e-04
2.916557468270308665e-04
2.967420844323998864e-04
3.018731777436411772e-04
3.070490390007032141e-04
3.122696801866109754e-04
3.175351134085788347e-04
3.228453493844047522e-04
3.282003996993336980e-04
3.336002753115718572e-04
3.390449869235786021e-04
3.445345449829532070e-04
3.500689596822604004e-04
3.556482405538365825e-04
3.612723980831512340e-04
3.669414413045608966e-04
3.726553793948430182e-04
3.784142212775486245e-04
3.842179756236356559e-04
3.900666508514988914e-04
3.959602551275789449e-04
4.018987963665470137e-04
4.078822822317907629e-04
4.139107201359557226e-04
4.199841172407560940e-04
4.261024804582731903e-04
4.322658164503204734e-04
4.384741316295692271e-04
4.447274321596778480e-04
4.510257239557373442e-04
4.573690126846948248e-04
4.637573037657830607e-04
4.701906023707085936e-04
4.766689134244272118e-04
4.831922416053561283e-04
4.897605918272740369e-04
4.963739673255284203e-04
5.030323725118961576e-04
5.097358110832001530e-04
5.164842864919173175e-04
5.232778019466472700e-04
5.301163599086015834e-04
5.369999640964255496e-04
5.439286164974088417e-04
5.509023193495487906e-04
5.579210746489928928e-04
5.649848841512537670e-04
5.720937493706438519e-04
5.792476715820151162e-04
5.864466518201285955e-04
5.936906908809752755e-04
6.009797893216677804e-04
6.083139474613164085e-04
6.156931653813513565e-04
6.231174429263479060e-04
6.305867797037027897e-04
6.381011750852744798e-04
6.456606282070685536e-04
6.532651379699883944e-04
6.609147030407995895e-04
6.686093218517753962e-04
6.763489926020463568e-04
6.841337132575890222e-04
6.919634815523433317e-04
6.998382949876584764e-04
7.077581514332862214e-04
7.157230467447108901e-04
7.237329783172519052e-04
7.317879427309187390e-04
7.398879363364875648e-04
7.480329546363877723e-04
7.562229947507035461e-04
7.644580517402483483e-04
7.727381210454126528e-04
7.810631978800167607e-04
7.894332772325926518e-04
7.978483538661559774e-04
8.063084223195491696e-04
8.148134769077684369e-04
8.233635117220815085e-04
8.319585206316471070e-04
8.405984972832086614e-04
8.492834351020576208e-04
8.580133272923427768e-04
8.667881668384170603e-04
8.756079465044148101e-04
8.844726588358357931e-04
8.933822961596295546e-04
9.023368505847339420e-04
9.113363140031893392e-04
9.203806780898769399e-04
9.294699343046947419e-04
9.386040738911078599e-04
9.477830878787637300e-04
9.570069677909656854e-04
9.662757028287617157e-04
9.755892840741017119e-04
9.849477017040656358e-04
9.943509449576062691e-04
1.003799005026598593e-03
1.013291870744467780e-03
1.022829531446441814e-03
1.032411976258341968e-03
1.042039194098137332e-03
1.051711173676130647e-03
1.061427903495896358e-03
1.071189371854449962e-03
1.080995566843704963e-03
1.090846476350174933e-03
1.100742088057021784e-03
1.110682389442796576e-03
1.120667367784137450e-03
1.130697010154931752e-03
1.140771303427794668e-03
1.150890234274439374e-03
1.161053789166708542e-03
1.171261954376897870e-03
1.181514715978246571e-03
1.191812059846658438e-03
1.202153971659834482e-03
1.212540436899656659e-03
1.222971440851332216e-03
1.233446968605370628e-03
1.243967005057496425e-03
1.254531535747982571e-03
1.265140543526128503e-03
1.275794013529721414e-03
1.286491929028374262e-03
1.297234275647044877e-03
1.308021036292207661e-03
1.318852194517367623e-03
1.329727733687619939e-03
1.340647636979440263e-03
1.351611887382171825e-03
1.362620467698434602e-03
1.373673360544750907e-03
1.384770548352241013e-03
1.395912013367633627e-03
1.407097737654462851e-03
1.418327703092055539e-03
1.429601891377893551e-03
1.440920284028177761e-03
1.452282862377926283e-03
1.463689607581604825e-03
1.475140500615096254e-03
1.486635522274991090e-03
1.498174653179982878e-03
1.509757873771838546e-03
1.521385164315470833e-03
1.533056504900633327e-03
1.544771875441652885e-03
1.556531255678472855e-03
1.568334625178162281e-03
1.580181964291499245e-03
1.592073250345869741e-03
1.604008462360350827e-03
1.615987581134038830e-03
1.628010584427448323e-03
1.640077450782261113e-03
1.652188158571340484e-03
1.664342686000491733e-03
1.676541011108610268e-03
1.688783111768544197e-03
1.701068965687905533e-03
1.713398550410158948e-03
1.725771843314099401e-03
1.738188821616892896e-03
1.750649462372212955e-03
1.763153742473167742e-03
1.775701638651764475e-03
1.788293127479891704e-03
1.800928185370578296e-03
1.813606788578657611e-03
1.826328913200301078e-03
1.839094535175870085e-03
1.851903630289258949e-03
1.864756174168581216e-03
1.877652142287501279e-03
1.890591509966417678e-03
1.903574252371791758e-03
1.916600344518133497e-03
1.929669761268315705e-03
1.942782477334901092e-03
1.955938468380461100e-03
1.969137705528930995e-03
1.982380166319594114e-03
1.995665823782081811e-03
2.008994651885866525e-03
2.022366624454309710e-03
2.035781715165654523e-03
2.049239897552560061e-03
2.062741145004752877e-03
2.076285430767970536e-03
2.089872727946346861e-03
2.103503009502038536e-03
2.117176248255788450e-03
2.130892416889288397e-03
2.144651487944002500e-03
2.158453433823446198e-03
2.172298226792988927e-03
2.186185838980930947e-03
2.200116242379902397e-03
2.214089408846086141e-03
2.228105310101534051e-03
2.242163917734211250e-03
2.256265203198826175e-03
2.270409137817962046e-03
2.284595692781641891e-03
2.298824839149695570e-03
2.313096547851779296e-03
2.327410789687771146e-03
2.341767535329692708e-03
2.356166755317620765e-03
2.370608420073173905e-03
2.385092499884449921e-03
2.399618964915642676e-03
2.414187785206843052e-03
2.428798930673306891e-03
2.443452371107240895e-03
2.458148076178158677e-03
2.472886015434232112e-03
2.487666158302379374e-03
2.502488474089198649e-03
2.517352931981154621e-03
2.532259501046621539e-03
2.547208150236007253e-03
