8.011954876301144850e+02
3.321704043599283978e+02
1.107115034942908096e+02
4.613857176386045467e+01
1.661805642710851316e+01
6.623168929268558713e+00
2.473431172345499363e+00
9.659067715506353125e-01
3.661172294655443693e-01
1.417188392911157280e-01
5.405568008336558705e-02
2.084244748721175711e-02
7.972464715749083553e-03
3.068257346058089752e-03
1.175278320715733571e-03
4.518752366493572481e-04
1.732190303300740197e-04
6.656282403127988800e-05
2.552721753090736456e-05
9.805946319829672575e-06
3.761707830562954769e-06
1.444682766305049881e-06
5.543074621527921408e-07
2.128499545506201684e-07
8.167944542947225273e-08
3.136074155918322504e-08
1.203579813591204584e-08
4.618868842953816056e-09
1.772150426404550672e-09
6.789377948734909296e-10
2.596607373561710119e-10
1.004991645459085703e-10
3.910827217623591423e-11
