7.604399918325309500e+02
2.451793355277472983e+02
9.162094952600182296e+01
3.364765659842532841e+01
1.229039171895010440e+01
4.458228051646528911e+00
1.638936133727384004e+00
5.918396668494096957e-01
2.180376909445840283e-01
7.875114317403131281e-02
2.899808030906569911e-02
1.049129152079331107e-02
3.857909960061078891e-03
1.398371589402813697e-03
5.134758239364600740e-04
1.864210357780393679e-04
6.836662078057997860e-05
2.485324466761085205e-05
9.105114259000401944e-06
3.313305114716058597e-06
1.212861207022797316e-06
4.416924639372155070e-07
1.615844666957855225e-07
5.888023224542848766e-08
2.153046807507053018e-08
7.848029781598597765e-09
2.868546289391815662e-09
1.046373654389753938e-09
3.806235326919704676e-10
1.368789526168256998e-10
5.002220859751105309e-11
