1.652538500265192397e+03
4.843409431675809174e+02
1.462496837111584682e+02
3.957230434844223055e+01
1.143192627086500579e+01
3.050990636644201004e+00
8.732432584220077842e-01
2.335867066776700085e-01
6.652771064000262413e-02
1.784203940769657493e-02
5.070084414910525084e-03
1.361327479571627919e-03
3.865688531732303090e-04
1.038154214256792329e-04
2.948176188510842621e-05
7.915337846498005092e-06
2.248717464681249112e-06
6.034515536157414317e-07
1.715307007543742657e-07
4.600678948918357491e-08
1.308580976910889149e-08
3.505192580632865429e-09
9.958966984413564205e-10
2.655724529176950455e-10
7.730704965069890022e-11
