8.192498866774678845e+02
3.232673380230239673e+02
1.120347171027215154e+02
4.484819902203480524e+01
1.650504788889884367e+01
6.319501429759839084e+00
2.388917595726525178e+00
8.999712836452999909e-01
3.429318882604093233e-01
1.286758891337740351e-01
4.908515442730276845e-02
1.842240038240561262e-02
7.020004227342724334e-03
2.638418499373074155e-03
1.003881313863530522e-03
3.778651407628785819e-04
1.435743533875211142e-04
5.411041274783201516e-05
2.053698972304118797e-05
7.747654763079481199e-06
2.938020770670846105e-06
1.109207914851140231e-06
4.203598109597805887e-07
1.587886799825355411e-07
6.014806785969994962e-08
2.273009158670902252e-08
8.607457857578992844e-09
3.253262548241764307e-09
1.230546331498771906e-09
4.638422979041934013e-10
1.768967194948345423e-10
6.639311322942376137e-11
