9.857175603908679477e+03
9.672813858130210065e+03
4.187781377793627144e+03
4.050701981112242720e+03
2.269130232387094111e+03
2.175382930216772365e+03
1.386140992898371678e+03
1.317440820551796378e+03
9.072821599862575113e+02
8.552477331981367570e+02
6.203034316960029173e+02
5.802055478637556689e+02
4.365933027689162600e+02
4.054138236851262036e+02
3.135074569812296090e+02
2.891585267343394889e+02
2.283265658207328102e+02
2.092841480167318764e+02
1.679822583034552963e+02
1.530940274814495297e+02
1.244959154692396623e+02
1.128710598068702780e+02
9.276162045143922796e+01
8.370240270601863131e+01
6.938742431851090942e+01
6.234353746095746374e+01
5.205223806634472794e+01
4.658843882563701300e+01
3.913021827307119338e+01
3.490222861832512535e+01
2.946150993708812393e+01
2.619742977264360206e+01
2.220686572487073818e+01
1.969250337404452011e+01
1.675235320829494867e+01
1.481949553301728884e+01
1.264509835717001351e+01
1.116207586652512873e+01
9.548909362636209153e+00
8.412998884988496684e+00
7.213017335471079150e+00
6.344335921783738286e+00
5.449699139507060863e+00
4.786314227623904571e+00
4.118050713773527605e+00
3.612081884047711355e+00
3.112100228670328761e+00
2.726626487291582634e+00
2.352031315189378802e+00
2.058649321540315213e+00
1.777663173475048097e+00
1.554568359021914148e+00
1.343584789999511031e+00
1.174069946691702171e+00
1.015510938687725684e+00
8.867961427493469273e-01
7.675460601106465219e-01
6.698701146216876623e-01
5.801258524124364158e-01
5.060430958381516575e-01
4.384665072812481412e-01
3.823041514230567373e-01
3.313951830172641166e-01
2.888356162060290444e-01
2.504673311029819160e-01
2.182273449571425772e-01
1.893001625884380701e-01
1.648851091387086854e-01
1.430691389818434800e-01
1.245848496303096908e-01
1.081275155340790661e-01
9.413663493859303344e-02
8.171881407793080143e-02
7.113121058659999107e-02
6.175950215026659862e-02
5.374877220913276687e-02
4.667472464984712133e-02
4.061464469526754328e-02
3.527413216107788685e-02
3.069033673028798148e-02
2.665801716108262553e-02
2.319128437557083089e-02
2.014636047624662751e-02
1.752473615738381341e-02
1.522519652428400150e-02
1.324284201416503493e-02
1.150607066682596269e-02
1.000722109870366694e-02
8.695393482355484593e-03
7.562197419872518367e-03
6.571276473323450773e-03
5.714581518134309590e-03
4.966023153826881753e-03
4.318396275721170241e-03
3.752895068998896022e-03
3.263337297710222629e-03
2.836109177394519065e-03
2.466054406454532000e-03
2.143277739833138185e-03
1.863564349264379416e-03
1.619694368969248899e-03
1.408273609627030964e-03
1.224015488560326048e-03
1.064217687883228791e-03
9.249964680293487618e-04
8.042194711492811621e-04
6.990248929241715814e-04
6.077420440533387591e-04
5.282563059267886274e-04
4.592662054392349091e-04
3.992052887156205543e-04
3.470644556387014745e-04
3.016806728624032985e-04
2.622745613507504459e-04
2.279808380762915476e-04
1.981994896027572395e-04
1.722855703860659560e-04
1.497783982813416515e-04
1.301964675803901628e-04
1.131868780817057996e-04
9.838961722152816947e-05
8.553486952678213129e-05
7.435311084691420547e-05
6.463838542458688607e-05
5.618868175361058093e-05
4.884700791762952576e-05
4.246179929623394855e-05
3.691353026624710765e-05
3.208838148793802247e-05
2.789544640791064012e-05
2.424918352517124731e-05
2.108051160121249268e-05
1.832509889254652080e-05
1.593048807535524247e-05
1.384826759931456763e-05
1.203863070031729876e-05
1.046512670654919930e-05
9.097564941384916892e-06
7.908488100838440005e-06
6.875009660234354669e-06
5.976437762456043856e-06
5.195430446747195674e-06
4.516388344200095162e-06
3.926175793367292499e-06
3.413030015053664101e-06
2.967003467801987426e-06
2.579222950771509204e-06
2.242158700482832501e-06
1.949115699062531348e-06
1.694394995865877718e-06
1.472944347824522993e-06
1.280451101592916530e-06
1.113102257477294188e-06
9.676348895482078660e-07
8.411700491706142202e-07
7.312399361580901314e-07
6.356710287036548834e-07
5.525966457753384020e-07
4.803756041837914381e-07
4.175965955255378503e-07
3.630192395576159470e-07
3.155766421514272224e-07
2.743330469456850551e-07
2.384810500188905280e-07
2.073132918667397462e-07
1.802194447009242140e-07
1.566660898788541090e-07
1.361916588393796701e-07
1.183926769954268821e-07
1.029198415380960796e-07
8.946881280280649662e-08
7.777617838655714877e-08
6.761126769561087713e-08
5.877512876395485364e-08
5.109370704303728417e-08
4.441631062945816666e-08
3.861129016513586976e-08
3.356501565576763824e-08
2.917840902227908373e-08
2.536506826800177805e-08
2.205018745371489786e-08
1.916868086482281797e-08
1.666342086537042633e-08
1.448529474146198481e-08
1.259212467630277388e-08
1.094650770028238185e-08
9.516043064650148153e-09
8.272422746813390404e-09
7.191260920080821961e-09
6.251184458960779011e-09
5.434117156255524606e-09
4.724086011265171692e-09
4.106709639017935842e-09
3.570050921553047374e-09
3.103139079030370340e-09
2.697674972296226770e-09
2.345132088521495461e-09
2.038632374024018645e-09
1.772264113242272288e-09
1.540399807709036395e-09
1.339401478617219254e-09
1.164266905107069761e-09
1.012040229397825897e-09
8.799361239653080702e-10
7.647713573533110321e-10
6.647269401582889259e-10
5.778133527201134712e-10
5.019842319597955793e-10
4.361595529189798981e-10
3.793729774770326912e-10
3.299192030681297183e-10
2.868318915716372430e-10
2.492015482857823372e-10
2.164597390219569206e-10
1.879243427538312972e-10
1.634816726436838508e-10
1.421653905708808452e-10
1.237481228599790484e-10
1.074909050657879561e-10
9.345058060716837645e-11
