3.937856669107898597e+03
3.795297133188574207e+03
1.498248364182690921e+03
1.417505531356806387e+03
7.581580717625429315e+02
7.065121662004320342e+02
4.356721468549323504e+02
4.001761820697412873e+02
2.680142381492652817e+02
2.429167437589156293e+02
1.716251278063069208e+02
1.536783853389429737e+02
1.126658553323812271e+02
9.979155161138436370e+01
7.514088941261439913e+01
6.591385859102581435e+01
5.062999964428075828e+01
4.403662577676925594e+01
3.434309827535520299e+01
2.965002610824296880e+01
2.339725145847864951e+01
2.007078325083432446e+01
1.598537709354161507e+01
1.363728664478350083e+01
1.094150038398294100e+01
9.290433666966066539e+00
7.497872432966175893e+00
6.340995932762098164e+00
5.141808497603221895e+00
4.333734325803675347e+00
3.527649996438526614e+00
2.964756592690605430e+00
2.420837417165273564e+00
2.029662064880426442e+00
1.661514906203251485e+00
1.390225281182495110e+00
1.140429955746583346e+00
9.526100145241116479e-01
7.827782609935525215e-01
6.529373219952958607e-01
5.372828569753664851e-01
4.476344613096330249e-01
3.687694852384879596e-01
3.069365471355922637e-01
2.530997979783933260e-01
2.104892837015199802e-01
1.737051097354651574e-01
1.443627388114236965e-01
1.192113867093098634e-01
9.901807466826539894e-02
8.181035793688806734e-02
6.792049545248346476e-02
5.614171029696990445e-02
4.659170969108572535e-02
3.852576552043274205e-02
3.196197181057414127e-02
2.643666636453190222e-02
2.192664670229760304e-02
1.814066785544810045e-02
1.504256692987837596e-02
1.244779104678173098e-02
1.032002278964228026e-02
8.541317610706755659e-03
7.080218312239594525e-03
5.860733933729989076e-03
4.857564567146255285e-03
4.021374753165218863e-03
3.332693457764435152e-03
2.759263835798719811e-03
2.286525930344396329e-03
1.893253098103286902e-03
1.568773172721193987e-03
1.299036691932542453e-03
1.076333498247095122e-03
8.913164080013302737e-04
7.384749443417604198e-04
6.115620129776289104e-04
5.066715148700495774e-04
4.196116463504040439e-04
3.476311703707324341e-04
2.879076872090990946e-04
2.385130622428732750e-04
1.975412980073087965e-04
1.636464715488727961e-04
1.355381784833298298e-04
1.122798868777863390e-04
9.299607910406848532e-05
7.703675544235011330e-05
6.380680656548065599e-05
5.285603452875875519e-05
4.377930531518359203e-05
3.626533100486994954e-05
3.003795029599132249e-05
2.488221900875942083e-05
2.060968569139731699e-05
1.707209821688593365e-05
1.414074046124369488e-05
1.171345360262421309e-05
9.702255056254216470e-06
8.036801375510549406e-06
6.656915218172798632e-06
5.514189865607477259e-06
4.567443625091982540e-06
3.783383249356120359e-06
3.133814004740997916e-06
2.595846865460771369e-06
2.150171440007397905e-06
1.781057278549269540e-06
1.475274757467559539e-06
1.222015953317168169e-06
1.012214795537147438e-06
8.384474767808569595e-07
6.945002724023652263e-07
5.752742140430200379e-07
4.765099674841621891e-07
3.947063191844790708e-07
3.269425405960646458e-07
2.708152919694839511e-07
2.243214680675009731e-07
1.858114160313562024e-07
1.539113441140216310e-07
1.274885335078579374e-07
1.056013161360169761e-07
8.747213087190175429e-08
7.245523647725349292e-08
6.001647534503717907e-08
4.971286671207053587e-08
4.117839580430882052e-08
3.410906401768443175e-08
2.825316869348171167e-08
2.340283344892668538e-08
1.938514060384477489e-08
1.605718580321990885e-08
1.330039367530844174e-08
1.101693669625092298e-08
9.125585620495257899e-09
7.559037840110249817e-09
6.261302587518002838e-09
5.186393536860123277e-09
4.295941380405565724e-09
3.558398020686581731e-09
2.947444954770617187e-09
2.441481683490565047e-09
2.022431999648688361e-09
1.675175553828012198e-09
1.387547854392323643e-09
1.149373929365538061e-09
9.520704224996734411e-10
7.885319064371287823e-10
6.531877261295448989e-10
5.410356607171706855e-10
4.482672011363320053e-10
3.712443685799371451e-10
3.074092091992497444e-10
2.546016730775590986e-10
2.108322405547369272e-10
1.746798261592630297e-10
1.446096575818955898e-10
1.197122401208616793e-10
9.924860933097079396e-11
