8.781038127685616928e+03
8.601763032331737122e+03
4.029219726760225967e+03
3.896795112261472241e+03
2.263391935377561822e+03
2.170628674469448470e+03
1.412949895938819964e+03
1.344047632715206873e+03
9.389728386007054723e+02
8.862799902531480711e+02
6.495917656711715154e+02
6.086614230193968069e+02
4.617667671310614423e+02
4.297086035854997590e+02
3.345270018698969920e+02
3.093169402873169247e+02
2.456416565661272102e+02
2.257890079013752143e+02
1.821429263548355948e+02
1.665125013305748212e+02
1.360251570044381424e+02
1.237338010705365150e+02
1.021181919413897958e+02
9.246991348279641443e+01
7.696055534696137101e+01
6.940299911849831460e+01
5.816708715593119905e+01
5.226055625245095371e+01
4.405625411269227243e+01
3.945058550724695579e+01
3.342099145033438390e+01
2.983767352023903641e+01
2.538249341355822253e+01
2.260050581625176847e+01
1.929387824858270051e+01
1.713832020475376794e+01
1.467492898362252163e+01
1.300782317591279025e+01
1.116682963174565657e+01
9.879670331709235143e+00
8.500143745461457456e+00
7.507865151089561095e+00
6.471789792690969989e+00
5.707898661419392283e+00
4.928266196911977204e+00
4.340929942912225670e+00
3.753300662113360886e+00
3.302217552417118895e+00
2.858681438504902417e+00
2.512588087554036065e+00
2.177406843272194692e+00
1.912102174723713688e+00
1.658541463934341209e+00
1.455326797925636129e+00
1.263339218775911377e+00
1.107791721087664882e+00
9.623128809747072410e-01
8.433246193918080280e-01
7.330142356693727379e-01
6.420417916527867419e-01
5.583498400834514541e-01
4.888300648519248170e-01
4.253016359049297535e-01
3.721979613045505175e-01
3.239542477990653424e-01
2.834052030539737643e-01
2.467549815882534858e-01
2.158024566494418650e-01
1.879505962186840407e-01
1.643301441474136482e-01
1.431584825785989779e-01
1.251377593797542431e-01
1.090401012925781288e-01
9.529457067105795431e-02
8.305225632551582748e-02
7.256968407961039702e-02
6.325763341192214284e-02
5.526478411718471762e-02
4.818047321043650300e-02
4.208690230814227107e-02
3.669662314354127375e-02
3.205161415360180399e-02
2.794977765233852551e-02
2.440937487904193404e-02
2.128766895475564525e-02
1.858945539328260566e-02
1.621345669997253935e-02
1.415726853457499601e-02
1.234869671316118911e-02
1.078188446325611949e-02
9.405131123230603407e-03
8.211300466655302444e-03
7.163198868738618330e-03
6.253612918442286173e-03
5.455665908129958552e-03
4.762682015098107513e-03
4.155155626904161181e-03
3.627216735139882076e-03
3.164650365590659931e-03
2.762463685371585598e-03
2.410256266614396736e-03
2.103878452714980085e-03
1.835692209795070085e-03
1.602306440872780513e-03
1.398092064164302428e-03
1.220313066539802094e-03
1.064807319721694512e-03
9.293891458810321637e-04
8.109717330171406502e-04
7.078227167767181527e-04
6.176463894576045277e-04
5.390783492202899652e-04
4.704068755927437451e-04
4.105629080299877387e-04
3.582671861295239069e-04
3.126856163930824550e-04
2.728601226635873900e-04
2.381422330586246972e-04
2.078130492009222507e-04
1.813699036574689671e-04
1.582724422064529790e-04
1.381319903543953842e-04
1.205417709115863545e-04
1.052018868676896091e-04
9.180569804811966605e-05
8.012222025399751146e-05
6.992001851813256508e-05
6.102145840714001679e-05
5.325167637693084544e-05
4.647424447057346697e-05
4.055691442772513255e-05
3.539502426974650007e-05
3.088847068966060760e-05
2.695703966537621454e-05
2.352490179191590869e-05
2.053063002449562191e-05
1.791674583273561439e-05
1.563624397249441245e-05
1.364552883842407027e-05
1.190865367561855237e-05
1.039253635326531366e-05
9.069701036423793994e-06
7.915031972061115084e-06
6.907538534051127499e-06
6.028145946856966475e-06
5.260823229491506936e-06
4.591078834437212208e-06
4.006675226264633238e-06
3.496598480978718726e-06
3.051508826956705889e-06
2.663034251781937201e-06
2.324048352875252021e-06
2.028185406288685044e-06
1.770009873780509224e-06
1.544680060305836378e-06
1.348050830074498663e-06
1.176439127448247746e-06
1.026684003591071814e-06
8.959840442912536673e-07
7.819292022759327665e-07
6.823876219641533680e-07
5.955225219622661825e-07
5.197111363486328628e-07
4.535539801509003155e-07
3.958156753469666000e-07
3.454295551819086540e-07
3.014559979419573210e-07
2.630813469295389950e-07
2.295909666827355977e-07
2.003646955017757136e-07
1.748582576510671061e-07
1.525989432593632955e-07
1.331730459241953213e-07
1.162205194304988254e-07
1.014255417430831585e-07
8.851441180013353005e-08
7.724651140961213969e-08
6.741316838088096119e-08
5.883129006178933196e-08
5.134228331371559761e-08
4.480659754335647449e-08
3.910287205144413747e-08
3.412509386180317961e-08
2.978083557536592707e-08
2.598983428470091894e-08
2.268160415042075329e-08
1.979435637622373179e-08
1.727431708786753006e-08
1.507555680291261524e-08
1.315646613875287585e-08
1.148163164543802850e-08
1.001984628601348959e-08
8.744507340452400967e-09
7.631285825482336804e-09
6.659774953732267022e-09
5.811841674585593864e-09
5.072308795206481591e-09
4.426624400366563350e-09
3.863021902361651883e-09
3.371440016053384170e-09
2.942385890492005274e-09
2.567901447037002072e-09
2.240824414911912754e-09
1.955527295649517328e-09
1.706837338133482262e-09
1.489638634666334838e-09
1.300122676184400916e-09
1.134537797042867169e-09
9.901555131364148110e-10
8.641336535220034420e-10
7.540279511886183172e-10
6.580762601515743881e-10
5.743459041696041822e-10
5.013021109334658831e-10
4.376374818093609065e-10
3.815898708126042038e-10
3.330455911054741591e-10
2.909246177296154201e-10
2.540332388889510185e-10
2.215756467194296420e-10
1.935518412210512906e-10
1.688249540165998042e-10
1.475086719437967986e-10
1.286935003008693457e-10
1.121520654123742133e-10
9.799805411603301764e-11
