3.733676427849239190e+03
3.577169138875826320e+03
1.395790915411538208e+03
1.317790659903398591e+03
7.004272966440282744e+02
6.509632098587734390e+02
3.997455489247159903e+02
3.659792914672382267e+02
2.442925859080689293e+02
2.205840426848039328e+02
1.553789438941041112e+02
1.385510131904439959e+02
1.012827006991331587e+02
8.930614474264154978e+01
6.705219744799796899e+01
5.853983929149319465e+01
4.483418173892721370e+01
3.880406878736459930e+01
3.017122187194604521e+01
2.591730339988606602e+01
2.038808455890665527e+01
1.740032906697570070e+01
1.381390802674928864e+01
1.172437889157140489e+01
9.375457889228414388e+00
7.919884776947242244e+00
6.369845891200270671e+00
5.359493165717822194e+00
4.330583888548062532e+00
3.631470729109821605e+00
2.945296310570483911e+00
2.462864942963392423e+00
2.003559679973989205e+00
1.671433352073620426e+00
1.363074582363708487e+00
1.134882306176848488e+00
9.273684983436396578e-01
7.708515627553538252e-01
6.309333731081210317e-01
5.237320139430607924e-01
4.292434540152498812e-01
3.559073962234720057e-01
2.920170505055921240e-01
2.418985206260799714e-01
1.986530979474991909e-01
1.644303545625689367e-01
1.351341368456360215e-01
1.117819266387414245e-01
9.192176856572586985e-02
7.599641727887274101e-02
6.252543283954992148e-02
5.167015966776489222e-02
4.252866391396992185e-02
3.513228813119440019e-02
2.892645050906139659e-02
2.388850521555241357e-02
1.967426513311920644e-02
1.624367396095749427e-02
1.338114623649744317e-02
1.104561280334337425e-02
9.100826502219661052e-03
7.511101997238256445e-03
6.189594674310683331e-03
5.107686423059476510e-03
4.209576670803016896e-03
3.473363684065589041e-03
2.862927277533344750e-03
2.362004632516345737e-03
1.947056711344430369e-03
1.606256384945936588e-03
1.324170416239667247e-03
1.092325224533396977e-03
9.005475766912240942e-04
7.428335219401560607e-04
6.124453879579050408e-04
5.051647314076035400e-04
4.165108844631504326e-04
3.435391126913600601e-04
2.832591297305953049e-04
2.336257471711178368e-04
1.926372627281125460e-04
1.588789364177500829e-04
1.310073629383623484e-04
1.080470350984796823e-04
8.909437883630744182e-05
7.347847491701031686e-05
6.059045841766419471e-05
4.996984813487870269e-05
4.120573083810086246e-05
3.398258678544152644e-05
2.802273678526034928e-05
2.311028248414004338e-05
1.905737593688172637e-05
1.571644872910837876e-05
1.296030865205466398e-05
1.068818266958260210e-05
8.813883994207571959e-06
7.268646754710061941e-06
5.994032846956542926e-06
4.943146052482916275e-06
4.076342918324371567e-06
3.361657491041114554e-06
2.772184757304785307e-06
2.286144365371001186e-06
1.885269682588841533e-06
1.554726054564525839e-06
1.282108428313222248e-06
1.057314648278406821e-06
8.719184734218288213e-07
7.190428732428699732e-07
5.929622375333565287e-07
4.889959086540329736e-07
4.032534661746467464e-07
3.325490638417250011e-07
2.742389142440515570e-07
2.261550662296940573e-07
1.865005856416246388e-07
1.538002152301487513e-07
1.268326172976230737e-07
1.045940507538034581e-07
8.625443115306552500e-08
7.113072797437780537e-08
5.865888397238450125e-08
4.837369260712875985e-08
3.989191554865101352e-08
3.289727601440972649e-08
2.712914692892809398e-08
2.237237595181795768e-08
1.844949792939587496e-08
1.521459580544615164e-08
1.254693415830843151e-08
1.034698016155743971e-08
8.532765605195891112e-09
7.036533133941702545e-09
5.802689884149003774e-09
4.785192686540540308e-09
3.946297510992735624e-09
3.254399416618980467e-09
2.683805178094189614e-09
2.213141669926699251e-09
1.825128492782823741e-09
1.505156888015335426e-09
1.241176050825743005e-09
1.023522600007709116e-09
8.441816135018598288e-10
6.961613507883157581e-10
5.740048436564393342e-10
4.734488356916699558e-10
3.904574441548902541e-10
3.219611244276165962e-10
2.654587660799734294e-10
2.190176928706932813e-10
1.804778548830654472e-10
1.488729139964561909e-10
1.227817847393453121e-10
1.012381289910990745e-10
8.338929546880535781e-11
