6.990337316919878674e+01
6.993694708495326040e+01
6.997052100070774827e+01
7.000409491646222193e+01
7.003766883221670980e+01
7.007124274797118346e+01
7.010481666372567133e+01
7.013839057948014499e+01
7.017196449523463286e+01
7.020553841098910652e+01
7.023911232674359439e+01
7.027268624249806805e+01
7.030626015825255593e+01
7.033983407400702959e+01
7.037340798976151746e+01
7.040698190551599112e+01
7.044055582127047899e+01
7.047412973702495265e+01
7.050770365277944052e+01
7.054127756853391418e+01
7.057485148428840205e+01
7.060842540004287571e+01
7.064199931579736358e+01
7.067557323155183724e+01
7.070914714730632511e+01
7.074272106306079877e+01
7.077629497881528664e+01
7.080986889456976030e+01
7.084344281032424817e+01
7.087701672607872183e+01
7.091059064183320970e+01
7.094416455758768336e+01
7.097773847334217123e+01
7.101131238909664489e+01
7.104488630485113276e+01
7.107846022060560642e+01
7.111203413636009429e+01
7.114560805211456795e+01
7.117918196786905582e+01
7.121275588362352948e+01
7.124632979937801736e+01
7.127990371513249102e+01
7.131347763088697889e+01
7.134705154664145255e+01
7.138062546239594042e+01
7.141419937815041408e+01
7.144777329390490195e+01
7.148134720965937561e+01
7.151492112541386348e+01
7.154849504116833714e+01
7.158206895692282501e+01
7.161564287267729867e+01
7.164921678843178654e+01
7.168279070418626020e+01
7.171636461994074807e+01
7.174993853569522173e+01
7.178351245144970960e+01
7.181708636720418326e+01
7.185066028295867113e+01
7.188423419871314479e+01
7.191780811446763266e+01
7.195138203022210632e+01
7.198495594597659419e+01
7.201852986173106785e+01
7.205210377748555572e+01
7.208567769324002938e+01
7.211925160899451726e+01
7.215282552474899092e+01
7.218639944050347879e+01
7.221997335625795245e+01
7.225354727201244032e+01
7.228712118776691398e+01
7.232069510352140185e+01
7.235426901927587551e+01
7.238784293503036338e+01
7.242141685078483704e+01
7.245499076653932491e+01
7.248856468229379857e+01
7.252213859804828644e+01
7.255571251380276010e+01
7.258928642955724797e+01
7.262286034531172163e+01
7.265643426106620950e+01
7.269000817682068316e+01
7.272358209257517103e+01
7.275715600832964469e+01
7.279072992408413256e+01
7.282430383983860622e+01
7.285787775559309409e+01
7.289145167134756775e+01
7.292502558710205562e+01
7.295859950285652928e+01
7.299217341861101715e+01
7.302574733436549081e+01
7.305932125011997869e+01
7.309289516587445235e+01
7.312646908162894022e+01
7.316004299738341388e+01
7.319361691313790175e+01
7.322719082889237541e+01
7.326076474464684907e+01
7.329433866040133694e+01
7.332791257615582481e+01
7.336148649191029847e+01
7.339506040766477213e+01
7.342863432341926000e+01
7.346220823917373366e+01
7.349578215492822153e+01
7.352935607068269519e+01
7.356292998643718306e+01
7.359650390219165672e+01
7.363007781794614459e+01
7.366365173370061825e+01
7.369722564945510612e+01
7.373079956520957978e+01
7.376437348096406765e+01
7.379794739671854131e+01
7.383152131247302918e+01
7.386509522822750284e+01
7.389866914398199071e+01
7.393224305973646437e+01
7.396581697549095225e+01
7.399939089124542591e+01
7.403296480699991378e+01
7.406653872275438744e+01
7.410011263850887531e+01
7.413368655426334897e+01
7.416726047001783684e+01
7.420083438577231050e+01
7.423440830152679837e+01
7.426798221728127203e+01
7.430155613303575990e+01
7.433513004879023356e+01
7.436870396454472143e+01
7.440227788029919509e+01
7.443585179605368296e+01
7.446942571180815662e+01
7.450299962756264449e+01
7.453657354331711815e+01
7.457014745907160602e+01
7.460372137482607968e+01
7.463729529058056755e+01
7.467086920633504121e+01
7.470444312208952908e+01
7.473801703784400274e+01
7.477159095359849061e+01
7.480516486935296427e+01
7.483873878510745214e+01
7.487231270086192580e+01
7.490588661661641368e+01
7.493946053237088734e+01
7.497303444812537521e+01
7.500660836387984887e+01
7.504018227963433674e+01
7.507375619538881040e+01
7.510733011114329827e+01
7.514090402689777193e+01
7.517447794265225980e+01
7.520805185840673346e+01
7.524162577416122133e+01
7.527519968991569499e+01
7.530877360567018286e+01
7.534234752142465652e+01
7.537592143717914439e+01
7.540949535293361805e+01
7.544306926868810592e+01
7.547664318444257958e+01
7.551021710019706745e+01
7.554379101595154111e+01
7.557736493170602898e+01
7.561093884746050264e+01
7.564451276321499051e+01
7.567808667896946417e+01
7.571166059472395204e+01
7.574523451047842570e+01
7.577880842623291358e+01
7.581238234198738724e+01
7.584595625774187511e+01
7.587953017349634877e+01
7.591310408925083664e+01
7.594667800500531030e+01
7.598025192075979817e+01
7.601382583651427183e+01
7.604739975226875970e+01
7.608097366802323336e+01
7.611454758377772123e+01
7.614812149953219489e+01
7.618169541528668276e+01
7.621526933104115642e+01
7.624884324679564429e+01
7.628241716255011795e+01
7.631599107830460582e+01
7.634956499405907948e+01
7.638313890981356735e+01
7.641671282556804101e+01
7.645028674132252888e+01
7.648386065707700254e+01
7.651743457283149041e+01
7.655100848858596407e+01
7.658458240434043773e+01
7.661815632009492560e+01
7.665173023584941348e+01
7.668530415160388714e+01
7.671887806735836079e+01
7.675245198311284867e+01
7.678602589886733654e+01
7.681959981462181020e+01
7.685317373037628386e+01
7.688674764613077173e+01
7.692032156188525960e+01
7.695389547763973326e+01
7.698746939339420692e+01
7.702104330914869479e+01
7.705461722490316845e+01
7.708819114065765632e+01
7.712176505641212998e+01
7.715533897216661785e+01
7.718891288792109151e+01
7.722248680367557938e+01
7.725606071943005304e+01
7.728963463518454091e+01
7.732320855093901457e+01
7.735678246669350244e+01
7.739035638244797610e+01
7.742393029820246397e+01
7.745750421395693763e+01
7.749107812971142550e+01
7.752465204546589916e+01
7.755822596122038703e+01
7.759179987697486069e+01
7.762537379272934857e+01
7.765894770848382223e+01
7.769252162423831010e+01
7.772609553999278376e+01
7.775966945574727163e+01
7.779324337150174529e+01
7.782681728725623316e+01
7.786039120301070682e+01
7.789396511876519469e+01
7.792753903451966835e+01
7.796111295027415622e+01
7.799468686602862988e+01
7.802826078178311775e+01
7.806183469753759141e+01
7.809540861329207928e+01
7.812898252904655294e+01
7.816255644480104081e+01
7.819613036055551447e+01
7.822970427631000234e+01
7.826327819206447600e+01
7.829685210781896387e+01
7.833042602357343753e+01
7.836399993932792540e+01
7.839757385508239906e+01
7.843114777083688693e+01
7.846472168659136059e+01
7.849829560234584847e+01
7.853186951810032213e+01
7.856544343385481000e+01
7.859901734960928366e+01
7.863259126536377153e+01
7.866616518111824519e+01
7.869973909687273306e+01
7.873331301262720672e+01
7.876688692838169459e+01
7.880046084413616825e+01
7.883403475989065612e+01
7.886760867564512978e+01
7.890118259139961765e+01
7.893475650715409131e+01
7.896833042290857918e+01
7.900190433866305284e+01
7.903547825441754071e+01
7.906905217017201437e+01
7.910262608592650224e+01
7.913620000168097590e+01
7.916977391743546377e+01
7.920334783318993743e+01
7.923692174894442530e+01
7.927049566469889896e+01
7.930406958045338683e+01
7.933764349620786049e+01
7.937121741196234836e+01
7.940479132771682202e+01
7.943836524347130990e+01
7.947193915922578356e+01
7.950551307498027143e+01
7.953908699073474509e+01
7.957266090648923296e+01
7.960623482224370662e+01
7.963980873799819449e+01
7.967338265375266815e+01
7.970695656950715602e+01
7.974053048526162968e+01
7.977410440101611755e+01
7.980767831677059121e+01
7.984125223252507908e+01
7.987482614827955274e+01
7.990840006403402640e+01
7.994197397978851427e+01
7.997554789554300214e+01
8.000912181129747580e+01
8.004269572705194946e+01
8.007626964280643733e+01
8.010984355856092520e+01
8.014341747431539886e+01
8.017699139006987252e+01
8.021056530582436039e+01
8.024413922157884826e+01
8.027771313733332192e+01
8.031128705308779558e+01
8.034486096884228346e+01
8.037843488459677133e+01
8.041200880035124499e+01
8.044558271610571865e+01
8.047915663186020652e+01
8.051273054761469439e+01
8.054630446336916805e+01
8.057987837912364171e+01
8.061345229487812958e+01
8.064702621063261745e+01
8.068060012638709111e+01
8.071417404214156477e+01
8.074774795789605264e+01
8.078132187365052630e+01
8.081489578940501417e+01
8.084846970515948783e+01
8.088204362091397570e+01
8.091561753666844936e+01
8.094919145242293723e+01
8.098276536817741089e+01
8.101633928393189876e+01
8.104991319968637242e+01
8.108348711544086029e+01
8.111706103119533395e+01
8.115063494694982182e+01
8.118420886270429548e+01
8.121778277845878335e+01
8.125135669421325701e+01
8.128493060996774489e+01
8.131850452572221855e+01
8.135207844147670642e+01
8.138565235723118008e+01
8.141922627298566795e+01
8.145280018874014161e+01
8.148637410449462948e+01
8.151994802024910314e+01
8.155352193600359101e+01
8.158709585175806467e+01
8.162066976751255254e+01
8.165424368326702620e+01
8.168781759902151407e+01
8.172139151477598773e+01
8.175496543053047560e+01
8.178853934628494926e+01
8.182211326203943713e+01
8.185568717779391079e+01
8.188926109354839866e+01
8.192283500930287232e+01
8.195640892505736019e+01
8.198998284081183385e+01
8.202355675656632172e+01
8.205713067232079538e+01
8.209070458807528325e+01
8.212427850382975691e+01
8.215785241958424479e+01
8.219142633533871845e+01
8.222500025109320632e+01
8.225857416684767998e+01
8.229214808260216785e+01
8.232572199835664151e+01
8.235929591411112938e+01
8.239286982986560304e+01
8.242644374562009091e+01
8.246001766137456457e+01
8.249359157712905244e+01
8.252716549288352610e+01
8.256073940863801397e+01
8.259431332439248763e+01
8.262788724014697550e+01
8.266146115590144916e+01
8.269503507165593703e+01
8.272860898741041069e+01
8.276218290316489856e+01
8.279575681891937222e+01
8.282933073467386009e+01
8.286290465042833375e+01
8.289647856618282162e+01
8.293005248193729528e+01
8.296362639769178315e+01
8.299720031344625681e+01
8.303077422920074468e+01
8.306434814495521834e+01
8.309792206070970622e+01
8.313149597646417988e+01
8.316506989221866775e+01
8.319864380797314141e+01
8.323221772372761507e+01
8.326579163948210294e+01
8.329936555523659081e+01
8.333293947099106447e+01
8.336651338674553813e+01
8.340008730250002600e+01
8.343366121825451387e+01
8.346723513400898753e+01
8.350080904976346119e+01
8.353438296551794906e+01
8.356795688127243693e+01
8.360153079702691059e+01
8.363510471278138425e+01
8.366867862853587212e+01
8.370225254429035999e+01
8.373582646004483365e+01
8.376940037579930731e+01
8.380297429155379518e+01
8.383654820730828305e+01
8.387012212306275671e+01
8.390369603881723037e+01
8.393726995457171824e+01
8.397084387032620612e+01
8.400441778608067978e+01
8.403799170183515344e+01
8.407156561758964131e+01
8.410513953334411497e+01
8.413871344909860284e+01
8.417228736485307650e+01
8.420586128060756437e+01
8.423943519636203803e+01
8.427300911211652590e+01
8.430658302787099956e+01
8.434015694362548743e+01
8.437373085937996109e+01
8.440730477513444896e+01
8.444087869088892262e+01
8.447445260664341049e+01
8.450802652239788415e+01
8.454160043815237202e+01
8.457517435390684568e+01
8.460874826966133355e+01
8.464232218541580721e+01
8.467589610117029508e+01
8.470947001692476874e+01
8.474304393267925661e+01
8.477661784843373027e+01
8.481019176418821814e+01
8.484376567994269180e+01
8.487733959569717967e+01
8.491091351145165333e+01
8.494448742720614121e+01
8.497806134296061487e+01
8.501163525871510274e+01
8.504520917446957640e+01
8.507878309022406427e+01
8.511235700597853793e+01
8.514593092173302580e+01
8.517950483748749946e+01
8.521307875324198733e+01
8.524665266899646099e+01
8.528022658475094886e+01
8.531380050050542252e+01
8.534737441625991039e+01
8.538094833201438405e+01
8.541452224776887192e+01
8.544809616352334558e+01
8.548167007927783345e+01
8.551524399503230711e+01
8.554881791078679498e+01
8.558239182654126864e+01
8.561596574229575651e+01
8.564953965805023017e+01
8.568311357380471804e+01
8.571668748955919170e+01
8.575026140531367957e+01
8.578383532106815323e+01
8.581740923682264111e+01
8.585098315257711477e+01
8.588455706833160264e+01
8.591813098408607630e+01
8.595170489984056417e+01
8.598527881559503783e+01
8.601885273134952570e+01
8.605242664710399936e+01
8.608600056285848723e+01
8.611957447861296089e+01
8.615314839436744876e+01
8.618672231012192242e+01
8.622029622587641029e+01
8.625387014163088395e+01
8.628744405738535761e+01
8.632101797313984548e+01
8.635459188889433335e+01
8.638816580464880701e+01
8.642173972040328067e+01
8.645531363615776854e+01
8.648888755191225641e+01
8.652246146766673007e+01
8.655603538342120373e+01
8.658960929917569160e+01
8.662318321493017947e+01
8.665675713068465313e+01
