7.278190249343450091e+01
7.282004569540615080e+01
7.285818889737778647e+01
7.289633209934943636e+01
7.293447530132107204e+01
7.297261850329272193e+01
7.301076170526435760e+01
7.304890490723600749e+01
7.308704810920765738e+01
7.312519131117929305e+01
7.316333451315094294e+01
7.320147771512257862e+01
7.323962091709422850e+01
7.327776411906587839e+01
7.331590732103751407e+01
7.335405052300916395e+01
7.339219372498079963e+01
7.343033692695244952e+01
7.346848012892408519e+01
7.350662333089573508e+01
7.354476653286738497e+01
7.358290973483902064e+01
7.362105293681067053e+01
7.365919613878230621e+01
7.369733934075395609e+01
7.373548254272560598e+01
7.377362574469724166e+01
7.381176894666889154e+01
7.384991214864052722e+01
7.388805535061217711e+01
7.392619855258381278e+01
7.396434175455546267e+01
7.400248495652711256e+01
7.404062815849874823e+01
7.407877136047039812e+01
7.411691456244203380e+01
7.415505776441368369e+01
7.419320096638531936e+01
7.423134416835696925e+01
7.426948737032861914e+01
7.430763057230025481e+01
7.434577377427190470e+01
7.438391697624354038e+01
7.442206017821519026e+01
7.446020338018684015e+01
7.449834658215847583e+01
7.453648978413012571e+01
7.457463298610176139e+01
7.461277618807341128e+01
7.465091939004504695e+01
7.468906259201669684e+01
7.472720579398834673e+01
7.476534899595998240e+01
7.480349219793163229e+01
7.484163539990326797e+01
7.487977860187491785e+01
7.491792180384656774e+01
7.495606500581820342e+01
7.499420820778985330e+01
7.503235140976148898e+01
7.507049461173313887e+01
7.510863781370477454e+01
7.514678101567642443e+01
7.518492421764807432e+01
7.522306741961970999e+01
7.526121062159135988e+01
7.529935382356299556e+01
7.533749702553464545e+01
7.537564022750629533e+01
7.541378342947793101e+01
7.545192663144958090e+01
7.549006983342121657e+01
7.552821303539286646e+01
7.556635623736450214e+01
7.560449943933615202e+01
7.564264264130780191e+01
7.568078584327943759e+01
7.571892904525108747e+01
7.575707224722272315e+01
7.579521544919437304e+01
7.583335865116600871e+01
7.587150185313765860e+01
7.590964505510930849e+01
7.594778825708094416e+01
7.598593145905259405e+01
7.602407466102422973e+01
7.606221786299587961e+01
7.610036106496752950e+01
7.613850426693916518e+01
7.617664746891081506e+01
7.621479067088245074e+01
7.625293387285410063e+01
7.629107707482573630e+01
7.632922027679738619e+01
7.636736347876903608e+01
7.640550668074067175e+01
7.644364988271232164e+01
7.648179308468395732e+01
7.651993628665560720e+01
7.655807948862725709e+01
7.659622269059889277e+01
7.663436589257054266e+01
7.667250909454217833e+01
7.671065229651382822e+01
7.674879549848546390e+01
7.678693870045711378e+01
7.682508190242876367e+01
7.686322510440039935e+01
7.690136830637204923e+01
7.693951150834368491e+01
7.697765471031533480e+01
7.701579791228698468e+01
7.705394111425862036e+01
7.709208431623027025e+01
7.713022751820190592e+01
7.716837072017355581e+01
7.720651392214519149e+01
7.724465712411684137e+01
7.728280032608849126e+01
7.732094352806012694e+01
7.735908673003177682e+01
7.739722993200341250e+01
7.743537313397506239e+01
7.747351633594669806e+01
7.751165953791834795e+01
7.754980273988999784e+01
7.758794594186163351e+01
7.762608914383328340e+01
7.766423234580491908e+01
7.770237554777656896e+01
7.774051874974821885e+01
7.777866195171985453e+01
7.781680515369150442e+01
7.785494835566314009e+01
7.789309155763478998e+01
7.793123475960642565e+01
7.796937796157807554e+01
7.800752116354972543e+01
7.804566436552136111e+01
7.808380756749301099e+01
7.812195076946464667e+01
7.816009397143629656e+01
7.819823717340793223e+01
7.823638037537958212e+01
7.827452357735123201e+01
7.831266677932286768e+01
7.835080998129451757e+01
7.838895318326615325e+01
7.842709638523780313e+01
7.846523958720945302e+01
7.850338278918108870e+01
7.854152599115273858e+01
7.857966919312437426e+01
7.861781239509602415e+01
7.865595559706767403e+01
7.869409879903930971e+01
7.873224200101095960e+01
7.877038520298259527e+01
7.880852840495424516e+01
7.884667160692588084e+01
7.888481480889753072e+01
7.892295801086918061e+01
7.896110121284081629e+01
7.899924441481246618e+01
7.903738761678410185e+01
7.907553081875575174e+01
7.911367402072738741e+01
7.915181722269903730e+01
7.918996042467068719e+01
7.922810362664232287e+01
7.926624682861397275e+01
7.930439003058560843e+01
7.934253323255725832e+01
7.938067643452890820e+01
7.941881963650054388e+01
7.945696283847219377e+01
7.949510604044382944e+01
7.953324924241547933e+01
7.957139244438711501e+01
7.960953564635876489e+01
7.964767884833041478e+01
7.968582205030205046e+01
7.972396525227370034e+01
7.976210845424533602e+01
7.980025165621698591e+01
7.983839485818862158e+01
7.987653806016027147e+01
7.991468126213192136e+01
7.995282446410355703e+01
7.999096766607520692e+01
8.002911086804684260e+01
8.006725407001849248e+01
8.010539727199014237e+01
8.014354047396177805e+01
8.018168367593342793e+01
8.021982687790506361e+01
8.025797007987671350e+01
8.029611328184834917e+01
8.033425648381999906e+01
8.037239968579164895e+01
8.041054288776328463e+01
8.044868608973493451e+01
8.048682929170657019e+01
8.052497249367822008e+01
8.056311569564986996e+01
8.060125889762150564e+01
8.063940209959315553e+01
8.067754530156479120e+01
8.071568850353644109e+01
8.075383170550807677e+01
8.079197490747972665e+01
8.083011810945137654e+01
8.086826131142301222e+01
8.090640451339466210e+01
8.094454771536629778e+01
8.098269091733794767e+01
8.102083411930959755e+01
8.105897732128123323e+01
8.109712052325288312e+01
8.113526372522451879e+01
8.117340692719616868e+01
8.121155012916780436e+01
8.124969333113945424e+01
8.128783653311110413e+01
8.132597973508273981e+01
8.136412293705438969e+01
8.140226613902602537e+01
8.144040934099767526e+01
8.147855254296931093e+01
8.151669574494096082e+01
8.155483894691261071e+01
8.159298214888424639e+01
8.163112535085589627e+01
8.166926855282753195e+01
8.170741175479918184e+01
8.174555495677083172e+01
8.178369815874246740e+01
8.182184136071411729e+01
8.185998456268575296e+01
8.189812776465740285e+01
8.193627096662905274e+01
8.197441416860068841e+01
8.201255737057233830e+01
8.205070057254397398e+01
8.208884377451562386e+01
8.212698697648725954e+01
8.216513017845890943e+01
8.220327338043054510e+01
8.224141658240219499e+01
8.227955978437384488e+01
8.231770298634548055e+01
8.235584618831713044e+01
8.239398939028876612e+01
8.243213259226041600e+01
8.247027579423206589e+01
8.250841899620370157e+01
8.254656219817535145e+01
8.258470540014698713e+01
8.262284860211863702e+01
8.266099180409028691e+01
8.269913500606192258e+01
8.273727820803357247e+01
8.277542141000520814e+01
8.281356461197685803e+01
8.285170781394849371e+01
8.288985101592014360e+01
8.292799421789177927e+01
8.296613741986342916e+01
8.300428062183507905e+01
8.304242382380671472e+01
8.308056702577836461e+01
8.311871022775000029e+01
8.315685342972165017e+01
8.319499663169330006e+01
8.323313983366493574e+01
8.327128303563658562e+01
8.330942623760822130e+01
8.334756943957987119e+01
8.338571264155152107e+01
8.342385584352315675e+01
8.346199904549480664e+01
8.350014224746644231e+01
8.353828544943809220e+01
8.357642865140974209e+01
8.361457185338137776e+01
8.365271505535302765e+01
8.369085825732466333e+01
8.372900145929631321e+01
8.376714466126794889e+01
8.380528786323959878e+01
8.384343106521123445e+01
8.388157426718288434e+01
8.391971746915453423e+01
8.395786067112616990e+01
8.399600387309781979e+01
8.403414707506945547e+01
8.407229027704110536e+01
8.411043347901275524e+01
8.414857668098439092e+01
8.418671988295604081e+01
8.422486308492767648e+01
8.426300628689932637e+01
8.430114948887097626e+01
8.433929269084261193e+01
8.437743589281426182e+01
8.441557909478589750e+01
8.445372229675754738e+01
8.449186549872918306e+01
8.453000870070083295e+01
8.456815190267246862e+01
8.460629510464411851e+01
8.464443830661576840e+01
8.468258150858740407e+01
8.472072471055905396e+01
8.475886791253068964e+01
8.479701111450233952e+01
8.483515431647398941e+01
8.487329751844562509e+01
8.491144072041727497e+01
8.494958392238891065e+01
8.498772712436056054e+01
8.502587032633221042e+01
8.506401352830384610e+01
8.510215673027549599e+01
8.514029993224713166e+01
8.517844313421878155e+01
8.521658633619041723e+01
8.525472953816206712e+01
8.529287274013371700e+01
8.533101594210535268e+01
8.536915914407700257e+01
8.540730234604863824e+01
8.544544554802028813e+01
8.548358874999192381e+01
8.552173195196357369e+01
8.555987515393522358e+01
8.559801835590685926e+01
8.563616155787850914e+01
8.567430475985014482e+01
8.571244796182179471e+01
8.575059116379344459e+01
8.578873436576508027e+01
8.582687756773673016e+01
8.586502076970836583e+01
8.590316397168001572e+01
8.594130717365166561e+01
8.597945037562330128e+01
8.601759357759495117e+01
8.605573677956658685e+01
8.609387998153823673e+01
8.613202318350987241e+01
8.617016638548152230e+01
8.620830958745315797e+01
8.624645278942480786e+01
8.628459599139645775e+01
8.632273919336809342e+01
8.636088239533974331e+01
8.639902559731137899e+01
8.643716879928302887e+01
8.647531200125467876e+01
8.651345520322631444e+01
8.655159840519796433e+01
8.658974160716960000e+01
8.662788480914124989e+01
8.666602801111289978e+01
8.670417121308453545e+01
8.674231441505618534e+01
8.678045761702782102e+01
8.681860081899947090e+01
8.685674402097110658e+01
8.689488722294275647e+01
8.693303042491440635e+01
8.697117362688604203e+01
8.700931682885769192e+01
8.704746003082932759e+01
8.708560323280097748e+01
8.712374643477261316e+01
8.716188963674426304e+01
8.720003283871591293e+01
8.723817604068754861e+01
8.727631924265919849e+01
8.731446244463083417e+01
8.735260564660248406e+01
8.739074884857413394e+01
8.742889205054576962e+01
8.746703525251741951e+01
8.750517845448905518e+01
8.754332165646070507e+01
8.758146485843235496e+01
8.761960806040399063e+01
8.765775126237564052e+01
8.769589446434727620e+01
8.773403766631892609e+01
8.777218086829056176e+01
8.781032407026221165e+01
8.784846727223384732e+01
8.788661047420549721e+01
8.792475367617714710e+01
8.796289687814878278e+01
8.800104008012043266e+01
8.803918328209206834e+01
8.807732648406371823e+01
8.811546968603536811e+01
8.815361288800700379e+01
8.819175608997865368e+01
8.822989929195028935e+01
8.826804249392193924e+01
8.830618569589358913e+01
8.834432889786522480e+01
8.838247209983687469e+01
8.842061530180851037e+01
8.845875850378016025e+01
8.849690170575179593e+01
8.853504490772344582e+01
8.857318810969508149e+01
8.861133131166673138e+01
8.864947451363838127e+01
8.868761771561001694e+01
8.872576091758166683e+01
8.876390411955330251e+01
8.880204732152495239e+01
8.884019052349660228e+01
8.887833372546823796e+01
8.891647692743988785e+01
8.895462012941152352e+01
8.899276333138317341e+01
8.903090653335482330e+01
8.906904973532645897e+01
8.910719293729810886e+01
8.914533613926974454e+01
8.918347934124139442e+01
8.922162254321304431e+01
8.925976574518467999e+01
8.929790894715631566e+01
8.933605214912796555e+01
8.937419535109961544e+01
8.941233855307125111e+01
8.945048175504290100e+01
8.948862495701453668e+01
8.952676815898618656e+01
8.956491136095783645e+01
8.960305456292947213e+01
8.964119776490112201e+01
8.967934096687275769e+01
8.971748416884440758e+01
8.975562737081605746e+01
8.979377057278769314e+01
8.983191377475934303e+01
8.987005697673097870e+01
8.990820017870262859e+01
8.994634338067427848e+01
8.998448658264591415e+01
9.002262978461756404e+01
9.006077298658919972e+01
9.009891618856084960e+01
9.013705939053249949e+01
9.017520259250413517e+01
9.021334579447577084e+01
9.025148899644742073e+01
9.028963219841907062e+01
9.032777540039070630e+01
9.036591860236235618e+01
9.040406180433399186e+01
9.044220500630564175e+01
9.048034820827729163e+01
9.051849141024892731e+01
9.055663461222057720e+01
9.059477781419221287e+01
9.063292101616386276e+01
9.067106421813551265e+01
9.070920742010714832e+01
9.074735062207879821e+01
9.078549382405043389e+01
9.082363702602208377e+01
9.086178022799373366e+01
9.089992342996536934e+01
9.093806663193700501e+01
9.097620983390865490e+01
9.101435303588030479e+01
9.105249623785194046e+01
9.109063943982359035e+01
9.112878264179522603e+01
9.116692584376687591e+01
9.120506904573852580e+01
9.124321224771016148e+01
9.128135544968181136e+01
9.131949865165344704e+01
9.135764185362509693e+01
9.139578505559674682e+01
9.143392825756838249e+01
9.147207145954003238e+01
9.151021466151166806e+01
9.154835786348331794e+01
9.158650106545496783e+01
9.162464426742660351e+01
9.166278746939823918e+01
9.170093067136988907e+01
9.173907387334153896e+01
9.177721707531317463e+01
9.181536027728482452e+01
