1.882853708581656545e-03
1.848956049595715462e-03
1.815340265630967665e-03
1.782007385672692082e-03
1.748958428291324824e-03
1.716194402373778273e-03
1.683716303110177831e-03
1.651525119762025208e-03
1.619621827832571715e-03
1.588007392859179653e-03
1.556682769588775940e-03
1.525648901920196622e-03
1.494906722846400197e-03
1.464457154399400555e-03
1.434301107595523659e-03
1.404439482382008201e-03
1.374873167585221288e-03
1.345603040860060898e-03
1.316629968640887485e-03
1.287954806092699326e-03
1.259578397065338855e-03
1.231501574047552845e-03
1.203725158123069216e-03
1.176249958927776682e-03
1.149076774608460668e-03
1.122206392468877868e-03
1.095639586201180510e-03
1.069377119257882694e-03
1.043419744755092957e-03
1.017768202169713103e-03
9.924232199195262560e-04
9.673855146810648791e-04
9.426557913591289764e-04
9.182347430573637717e-04
8.941230510509056133e-04
8.703213847597209007e-04
8.468304017232658942e-04
8.236507475770630691e-04
8.007830560306695858e-04
7.782279488461080631e-04
7.559860358187379991e-04
7.340579147590764117e-04
7.124441714759233157e-04
6.911453797609606311e-04
6.701621019200116811e-04
6.494948865887577305e-04
6.291442719645984035e-04
6.091107831292801207e-04
5.893949346281895409e-04
5.699972273968611450e-04
5.509181507916919174e-04
5.321581820781344941e-04
5.137177864278660942e-04
4.955974169170697342e-04
4.777975145259505114e-04
4.603185081401049510e-04
4.431608145524334303e-04
4.263248384673633631e-04
4.098109725056877230e-04
3.936195972108553673e-04
3.777510810567913336e-04
3.622057804571792903e-04
3.469840397755645663e-04
3.320861913370450492e-04
3.175125558398590492e-04
3.032634407802356209e-04
2.893391428456696486e-04
2.757399463511283721e-04
2.624661232923916404e-04
2.495179347982085568e-04
2.368956290059496357e-04
2.245994425108646436e-04
2.126296000332791262e-04
2.009863144429725854e-04
1.896697867849761487e-04
1.786802063063925325e-04
1.680177504846891380e-04
1.576825850567567836e-04
1.476748640498491217e-04
1.379947298130225768e-04
1.286423130501651016e-04
1.196177328539888148e-04
1.109210967414423350e-04
1.025525009217171003e-04
9.451202940469422085e-05
8.679975543574972887e-05
7.941574060340538248e-05
7.236003511341933877e-05
6.563267764673874204e-05
5.923369614239539735e-05
5.316310672676894175e-05
4.742091450507149959e-05
4.200711342021800731e-05
3.692168630005584904e-05
3.216460490569864359e-05
2.773582998066179570e-05
2.363531130120216550e-05
1.986298772752533351e-05
1.641878725595973351e-05
1.330262707214807689e-05
1.051441360513537004e-05
8.054042582367734249e-06
5.921399085663002897e-06
4.116357657059347489e-06
2.638782151948690231e-06
1.488526116699602728e-06
6.654326277364913332e-07
1.693344087766033725e-07
5.389196485915527630e-11
1.574032893673877158e-07
6.411846279058510515e-07
1.451189839799605096e-06
2.587200818436879459e-06
4.048989483297100802e-06
5.836317845770460921e-06
7.948938075701111595e-06
1.038659256866032565e-05
1.314901401393891879e-05
1.623592546313878761e-05
1.964704039958306255e-05
2.338206280822220290e-05
2.744068724626739329e-05
3.182259877551021405e-05
3.652747357526850273e-05
4.155497822449960886e-05
4.690477028798196248e-05
5.257649826497393049e-05
5.856980166333352277e-05
6.488431107421289490e-05
7.151964824721364355e-05
7.847542639094628341e-05
8.575124936773479421e-05
9.334671306689235428e-05
1.012614046338842111e-04
1.094949027560558825e-04
1.180467777403688392e-04
1.269165915920723430e-04
1.361038980934147348e-04
1.456082428827295866e-04
1.554291635342023800e-04
1.655661896377092564e-04
1.760188428789829802e-04
1.867866367667267056e-04
1.978690781056856958e-04
2.092656650216058272e-04
2.209758883928250074e-04
2.329992315994081184e-04
2.453351706052202806e-04
2.579831740400324262e-04
2.709427032820985008e-04
2.842132129776821594e-04
2.977941494003897801e-04
3.116849530839112237e-04
3.258850572285184612e-04
3.403938881977708439e-04
3.552108656021195593e-04
3.703354023824975043e-04
3.857669048939926424e-04
4.015047729894817325e-04
4.175484001037865897e-04
4.338971733374339074e-04
4.505504735406375572e-04
4.675076748116796066e-04
4.847681468936499176e-04
5.023312518332243709e-04
5.201963463198827154e-04
5.383627812130968365e-04
5.568299016263233026e-04
5.755970470110944107e-04
5.946635512408942345e-04
6.140287426949930403e-04
6.336919450287318385e-04
6.536524745441975662e-04
6.739096442958533110e-04
6.944627615237110264e-04
7.153111283913980408e-04
7.364540420698000023e-04
7.578907948201194390e-04
7.796206740766573051e-04
8.016429625297536886e-04
8.239569382083918730e-04
8.465618737650313719e-04
8.694570397110552113e-04
8.926416998225039905e-04
9.161151143045961768e-04
9.398765391111220347e-04
9.639252260258405385e-04
9.882604227431288340e-04
1.012881372949117533e-03
1.037787316402297242e-03
1.062977489013428815e-03
1.088451123841784312e-03
1.114207447549512729e-03
1.140245685861273825e-03
1.166565060093813005e-03
1.193164788113038185e-03
1.220044084411851630e-03
1.247202160188804268e-03
1.274638223425233205e-03
1.302351478963118068e-03
1.330341128580907716e-03
1.358606370019205863e-03
1.387146401220071181e-03
1.415960414222175619e-03
1.445047599314276893e-03
1.474407144101520057e-03
1.504038233578806763e-03
1.533940050206143409e-03
1.564111773981072782e-03
1.594552582513342198e-03
1.625261651096286501e-03
1.656238152780526275e-03
1.687481259640063146e-03
1.718990138110666884e-03
1.750763956090948615e-03
1.782801878372019958e-03
1.815103067856336854e-03
1.847666685626973143e-03
1.880491891017455758e-03
1.913577841679832891e-03
1.946923693652292649e-03
1.980528600108041014e-03
2.014391716646625648e-03
2.048512193601343453e-03
2.082889181227394731e-03
2.117521828498888665e-03
2.152409283174554211e-03
2.187550691861407052e-03
2.222945200079267866e-03
2.258591952323777893e-03
2.294490092128863724e-03
2.330638762130011771e-03
2.367037105562742796e-03
2.403684260629352417e-03
2.440579369019651220e-03
2.477721570386126788e-03
2.515110003783026064e-03
2.552743807729086420e-03
2.590622120264624104e-03
2.628744079008380266e-03
2.667108821216359303e-03
2.705715482241419570e-03
2.744563201913168687e-03
2.783651115199662577e-03
2.822978358463708228e-03
2.862544067982668392e-03
2.902347380003795791e-03
2.942387430794073024e-03
2.982663356695463078e-03
3.023174294177041234e-03
3.063919379883659269e-03
3.104897750690358959e-03
3.146108543751060995e-03
3.187550898290619338e-03
3.229223948749087355e-03
3.271126835093717336e-03
3.313258696086659148e-03
3.355618671012445577e-03
3.398205899723387435e-03
3.441019522688267256e-03
3.484058681035361298e-03
3.527322514716903050e-03
3.570810170015979810e-03
3.614520788496810352e-03
3.658453514377494904e-03
3.702607492757214926e-03
3.746981869657608002e-03
3.791575792064664011e-03
3.836388407970921406e-03
3.881418866414180612e-03
3.926666317518789570e-03
3.972129912534271695e-03
4.017808803874312919e-03
4.063702145154612054e-03
4.109809093294556834e-03
4.156128800375362593e-03
4.202660425835483618e-03
4.249403128470643533e-03
4.296356068462721910e-03
4.343518407412439927e-03
4.390889308375519814e-03
4.438467933716080775e-03
4.486253453775896141e-03
4.534245034070006480e-03
4.582441843802229943e-03
4.630843053791840712e-03
4.679447836508016274e-03
4.728255366097862747e-03
4.777264818416433398e-03
4.826475371058154898e-03
4.875886203383300935e-03
4.925496496547217100e-03
4.975305433529073063e-03
5.025312199157222492e-03
5.075515982454222204e-03
5.125915967477213779e-03
5.176511347003057324e-03
5.227301313524017681e-03
5.278285061511296672e-03
5.329461787439875205e-03
5.380830687419194125e-03
5.432390966700719089e-03
5.484141825598846769e-03
5.536082468833341402e-03
5.588212103240470380e-03
5.640529937795404729e-03
5.693035183632333233e-03
5.745727054063486279e-03
5.798604764602305686e-03
5.851667532978009449e-03
5.904914579160021847e-03
5.958345125372172153e-03
6.011958396112663042e-03
6.065753618170259889e-03
6.119730020644446530e-03
6.173886837613984206e-03
6.228223297622300682e-03
6.282738639360290790e-03
6.337432101323131790e-03
6.392302924391398376e-03
6.447350349164642641e-03
6.502573626622451183e-03
6.557972002298211554e-03
6.613544726765261533e-03
6.669291053052681106e-03
6.725210236656185663e-03
6.781301535553435796e-03
6.837564210213579151e-03
6.893997523608193061e-03
6.950600741224183081e-03
7.007373131070939593e-03
7.064313963693265828e-03
7.121422512179020198e-03
7.178698052172653200e-03
7.236139861876282088e-03
7.293747224975401754e-03
7.351519419103692658e-03
7.409455733019125120e-03
7.467555455256544121e-03
7.525817876953156543e-03
7.584242291857035655e-03
7.642827993244415141e-03
7.701574286161676046e-03
7.760480469236492700e-03
7.819545846709428927e-03
7.878769725460530934e-03
7.938151415011527809e-03
7.997690227530690477e-03
8.057385477838125212e-03
8.117236483407588160e-03
8.177242564373826683e-03
8.237403043530933111e-03
8.297717246338952302e-03
8.358184500924520019e-03
8.418804138087347330e-03
8.479575491294060602e-03
8.540497899950531824e-03
8.601570696460152793e-03
8.662793225475593287e-03
8.724164831169774897e-03
8.785684860395066159e-03
8.847352659292191321e-03
8.909167586737699179e-03
8.971128994340550958e-03
9.033236239668852516e-03
9.095488682968860816e-03
9.157885687165051580e-03
9.220426617857775675e-03
9.283110843324436992e-03
9.345937734513988168e-03
9.408906665050347992e-03
9.472017011225120769e-03
9.535268152000489841e-03
9.598659469002714106e-03
9.662190346523066506e-03
9.725860171512522301e-03
9.789668333578466566e-03
9.853614228609022460e-03
9.917697244387747510e-03
9.981916781985592999e-03
1.004627224160736451e-02
1.011076302240457997e-02
1.017538853712422926e-02
1.024014819030103635e-02
1.030504139267389777e-02
1.037006755760303336e-02
1.043522610106610571e-02
1.050051644165419899e-02
1.056593800056220347e-02
1.063149020158887792e-02
1.069717247113073123e-02
1.076298423817164535e-02
1.082892493428238602e-02
1.089499399361131514e-02
1.096119085288066800e-02
1.102751495137761946e-02
1.109396573095120138e-02
1.116054263987271110e-02
1.122724511747357282e-02
1.129407261699235006e-02
1.136102459045072212e-02
1.142810048840150854e-02
1.149529977577281627e-02
1.156262190827358517e-02
1.163006634798639111e-02
1.169763255948989139e-02
1.176532000985401269e-02
1.183312816862956522e-02
1.190105650783841729e-02
1.196910450197212136e-02
1.203727162797577944e-02
1.210555736524737691e-02
1.217396119562377463e-02
1.224248260337647623e-02
1.231112107520140712e-02
1.237987610020889820e-02
1.244874716991897778e-02
1.251773377824851041e-02
1.258683542574803860e-02
1.265605160275685113e-02
1.272538181444718766e-02
1.279482555995106047e-02
1.286438235349789648e-02
1.293405169905133961e-02
1.300383310707372425e-02
1.307372609034992972e-02
1.314373016398664995e-02
1.321384484539615475e-02
1.328406965429060858e-02
1.335440411267182180e-02
1.342484774482079549e-02
1.349540007728822558e-02
1.356606063888714415e-02
1.363682896067762440e-02
1.370770457596855695e-02
1.377868702029136881e-02
1.384977583140494482e-02
1.392097054928081480e-02
1.399227071608633542e-02
1.406367588080834237e-02
1.413518558089405311e-02
1.420679936495447895e-02
1.427851679289957217e-02
1.435033741331554792e-02
1.442226078137505939e-02
1.449428645438720700e-02
1.456641399177798293e-02
1.463864295508793094e-02
1.471097290795993044e-02
1.478340341612628672e-02
1.485593404740103221e-02
1.492856437167185482e-02
1.500129396088490351e-02
1.507412238903693517e-02
1.514704923216840353e-02
1.522007406834715443e-02
1.529319647765928214e-02
1.536641604220564949e-02
1.543973234608441054e-02
1.551314498023854439e-02
1.558665352317130728e-02
1.566025756962922261e-02
1.573395670657741496e-02
1.580775053785787171e-02
1.588163865447543219e-02
1.595562065423688711e-02
1.602969613686765216e-02
1.610386470400180028e-02
1.617812595916728186e-02
1.625247950778092518e-02
1.632692495713777489e-02
1.640146191639689152e-02
1.647608999657220255e-02
1.655080881052799213e-02
1.662561797296138386e-02
1.670051710039741413e-02
1.677550581117391928e-02
1.685058372543538421e-02
1.692575046512446654e-02
1.700100565396595043e-02
1.707634892269758314e-02
1.715177988827233310e-02
1.722729817947309464e-02
1.730290343754210119e-02
1.737859528982059129e-02
1.745437337053886567e-02
1.753023731563731202e-02
1.760618676276561045e-02
1.768222135126780101e-02
1.775834072217326309e-02
1.783454451819051906e-02
1.791083238368951919e-02
1.798720396470098945e-02
1.806365890889859160e-02
1.814019686559487088e-02
1.821681748573264134e-02
1.829352042186774968e-02
1.837030532816677150e-02
1.844717186039444151e-02
1.852411967590424438e-02
