2.005969005153500264e-03
1.975774921759487768e-03
1.945773829514458458e-03
1.915966758354457206e-03
1.886354733288404632e-03
1.856938775053123061e-03
1.827719900047132529e-03
1.798699120264968298e-03
1.769877443231644525e-03
1.741255871937658940e-03
1.712835404774051742e-03
1.684617035467549919e-03
1.656601753016860839e-03
1.628790541628250899e-03
1.601184380652111248e-03
1.573784244519917282e-03
1.546591102680848137e-03
1.519605919539579290e-03
1.492829654393990155e-03
1.466263261373479702e-03
1.439907689377318070e-03
1.413763881364264946e-03
1.387832777520584242e-03
1.362115308780643963e-03
1.336612403147658746e-03
1.311324982463630846e-03
1.286253962980622983e-03
1.261400255302038385e-03
1.236764764325063966e-03
1.212348389182512417e-03
1.188152023186329637e-03
1.164176553770505419e-03
1.140422862435109316e-03
1.116891824690807462e-03
1.093584310003499526e-03
1.070501181739714168e-03
1.047643297112639841e-03
1.025011507128517499e-03
1.002606656533404318e-03
9.804295837610285582e-04
9.584811208805709207e-04
9.367620935451203808e-04
9.152733209413631971e-04
8.940156157387395752e-04
8.729897840440657957e-04
8.521966253374718518e-04
8.316369324449701585e-04
8.113114914772821557e-04
7.912210817856113161e-04
7.713664759149827703e-04
7.517484395582111180e-04
7.323677315104845003e-04
7.132251036244710400e-04
6.943213007661566856e-04
6.756570607713291302e-04
6.572331144027395745e-04
6.390501853078953869e-04
6.211089899773340403e-04
6.034102377039556649e-04
5.859546305426990755e-04
5.687428632708959675e-04
5.517756233496843785e-04
5.350535908855228720e-04
5.185774385929413626e-04
5.023478317577804823e-04
4.863654286255963835e-04
4.706308782607215662e-04
4.551448246885289378e-04
4.399079027185022863e-04
4.249207399656975662e-04
4.101839564108785536e-04
3.956981643685990725e-04
3.814639684562074438e-04
3.674819655634524495e-04
3.537527448232830030e-04
3.402768875827555904e-04
3.270549673750037948e-04
3.140875498923151711e-04
3.013751929590502616e-04
2.889184465063990076e-04
2.767178525469848860e-04
2.647739451509149378e-04
2.530872504221018220e-04
2.416582864757237407e-04
2.304875634161016463e-04
2.195755833157503410e-04
2.089228404834142603e-04
1.985298202917083342e-04
1.883970008851550734e-04
1.785248517419062804e-04
1.689138350258398153e-04
1.595644039472317083e-04
1.504770038283851892e-04
1.416520718184902604e-04
1.330900368795782907e-04
1.247913197732121600e-04
1.167563330479798111e-04
1.089854810276712959e-04
1.014791598004098383e-04
9.423775720845453381e-05
8.726165283885981157e-05
8.055121801482058774e-05
7.410681578804041714e-05
6.792880093155259766e-05
6.201751993366220420e-05
5.637331099242692362e-05
5.099650401110477439e-05
4.588742059427170064e-05
4.104637418122145505e-05
3.647366949403854419e-05
3.216960336607040030e-05
2.813446407357528885e-05
2.436853192410661000e-05
2.087207857835384170e-05
1.764536750861043880e-05
1.468865388596664583e-05
1.200218458352914881e-05
9.586198180385845080e-06
7.440924966306936281e-06
5.566586947262809304e-06
3.963397851683838465e-06
2.631563137466776496e-06
1.571279999776484918e-06
7.827373795659290774e-07
2.661159728666266224e-07
2.158824083049370737e-08
4.931842051416126129e-08
3.494625363991281136e-07
9.221684126615725572e-07
1.767575656931530010e-06
2.885815781706602439e-06
4.277012070642875811e-06
5.941279683941985627e-06
7.878725653768297254e-06
1.008944897132337028e-05
1.257354033280308566e-05
1.533108254927685162e-05
1.836215031397384797e-05
2.166681028222561278e-05
2.524512109153660499e-05
2.909713338241298004e-05
3.322288981986555801e-05
3.762242511556229322e-05
4.229576605063468378e-05
4.724293149919049140e-05
5.246393245247190035e-05
5.795877204369437910e-05
6.372744557344671836e-05
6.976994053583460132e-05
7.608623664519854359e-05
8.267630565753943247e-05
8.954011220750576511e-05
9.667761264511039296e-05
1.040887558455952025e-04
1.117734830474477735e-04
1.197317278828910822e-04
1.279634166672285599e-04
1.364684674134098385e-04
1.452467913661031798e-04
1.542982920484785596e-04
1.636228655384975770e-04
1.732204005025220412e-04
1.830907782299904434e-04
1.932338726683304592e-04
2.036495504583920040e-04
2.143376709707906652e-04
2.252980863421553731e-04
2.365306415124923656e-04
2.480351742626600402e-04
2.598115152526129655e-04
2.718594880598531119e-04
2.841789092187725391e-04
2.967695878466807880e-04
3.096313273156275003e-04
3.227639228769634883e-04
3.361671632925347219e-04
3.498408304835949503e-04
3.637846995724955531e-04
3.779985389252954985e-04
3.924821106727154453e-04
4.072351688624920095e-04
4.222574623057599101e-04
4.375487327742649379e-04
4.531087155010871158e-04
4.689371392255457511e-04
4.850337262381961023e-04
5.013981924263050463e-04
5.180302473199379113e-04
5.349295941379710951e-04
5.520959298348097942e-04
5.695289451472272191e-04
5.872283246418394213e-04
6.051937467623424646e-04
6.234248832636062705e-04
6.419214016883240375e-04
6.606829618131310937e-04
6.797092180728164443e-04
6.989998190219535090e-04
7.185544073840510184e-04
7.383726201014301086e-04
7.584540883852276165e-04
7.787984384565431331e-04
7.994052888603307228e-04
8.202742545787024796e-04
8.414049444009022308e-04
8.627969616375449685e-04
8.844499041727306530e-04
9.063633645145202210e-04
9.285369298474202950e-04
9.509701820835641389e-04
9.736626979152336646e-04
9.966140488668995094e-04
1.019823801347624105e-03
1.043291516703595285e-03
1.067016751270740338e-03
1.090999055572193597e-03
1.115237977758001993e-03
1.139733058629115647e-03
1.164483835010329989e-03
1.189489838981293247e-03
1.214750597930433582e-03
1.240265634607961610e-03
1.266034467179927856e-03
1.292056609281724442e-03
1.318331571020068312e-03
1.344858855270228762e-03
1.371637963311029672e-03
1.398668391193002517e-03
1.425949630705316239e-03
1.453481169429582951e-03
1.481262490794181454e-03
1.509293074127919607e-03
1.537572394714277826e-03
1.566099923845338604e-03
1.594875128876050612e-03
1.623897473278263599e-03
1.653166415620027294e-03
1.682681413875701396e-03
1.712441919157355573e-03
1.742447379943269604e-03
1.772697241099096144e-03
1.803190943930630362e-03
1.833927926237996844e-03
1.864907622369259277e-03
1.896129463274367306e-03
1.927592876558186820e-03
1.959297287717129236e-03
1.991242115505527724e-03
2.023426778955382012e-03
2.055850692827203719e-03
2.088513268803055076e-03
2.121413915539909888e-03
2.154552038722869212e-03
2.187927041117121527e-03
2.221538322621288523e-03
2.255385280320016273e-03
2.289467308535424097e-03
2.323783798880444274e-03
2.358334138966612214e-03
2.393117717781014907e-03
2.428133917823081713e-03
2.463382120386183299e-03
2.498861704312324832e-03
2.534572046043749236e-03
2.570512519674416404e-03
2.606682497000124572e-03
2.643081347569803050e-03
2.679708438735699944e-03
2.716563135703373849e-03
2.753644803055366099e-03
2.790952798960863804e-03
2.828486483909528615e-03
2.866245215019620936e-03
2.904228347512440283e-03
2.942435234759359277e-03
2.980865228331578982e-03
3.019517678048684248e-03
3.058391932025786124e-03
3.097487336722902062e-03
3.136803236991956949e-03
3.176338974496068380e-03
3.216093894212550958e-03
3.256067334880782035e-03
3.296258635393479412e-03
3.336667133270547134e-03
3.377292164704192613e-03
3.418133064607132860e-03
3.459189166655969941e-03
3.500459803337186305e-03
3.541944305993468406e-03
3.583642004866760371e-03
3.625552230865978880e-03
3.667674308780128744e-03
3.710007567482919138e-03
3.752551333258911156e-03
3.795304931511861348e-03
3.838267686808051644e-03
3.881438922918953576e-03
3.924817962864726034e-03
3.968404128953943906e-03
4.012196742827148742e-03
4.056195123635687912e-03
4.100398595468811302e-03
4.144806476408273953e-03
4.189418085832487260e-03
4.234232742655158824e-03
4.279249765365470380e-03
4.324468472068627826e-03
4.369888180522424857e-03
4.415508208179046330e-03
4.461327872221568583e-03
4.507346489603535414e-03
4.553563377086068155e-03
4.599977851275072020e-03
4.646589230699953513e-03
4.693396827754737870e-03
4.740399960778747535e-03
4.787597946127875037e-03
4.834990100185311383e-03
4.882575739399342210e-03
4.930354180315388128e-03
4.978324739611684514e-03
5.026486734136246734e-03
5.074839478772720514e-03
5.123382295061453678e-03
5.172114498462231785e-03
5.221035406830937600e-03
5.270144338357459282e-03
5.319440611599303252e-03
5.368923545514975477e-03
5.418592459491756996e-03
5.468446673380505940e-03
5.518485507525047219e-03
5.568708282793592701e-03
5.619114320608250591e-03
5.669702942975436873e-03
5.720473474816569100e-03
5.771425234866808460e-03
5.822557549290847088e-03
5.873869742724865430e-03
5.925361140533423089e-03
5.977031068837184054e-03
6.028878854541751264e-03
6.080903825364264263e-03
6.133105309858894426e-03
6.185482634968922887e-03
6.238035135874496831e-03
6.290762141404723957e-03
6.343662983727134386e-03
6.396736995976542647e-03
6.449983512280407609e-03
6.503401867779858188e-03
6.556991398657959803e-03
6.610751442162026391e-03
6.664681336625489193e-03
6.718780421492242735e-03
6.773048037339144192e-03
6.827483525900080071e-03
6.882086230083963099e-03
6.936855496642036975e-03
6.991790665702458767e-03
7.046891086398631744e-03
7.102156106563652094e-03
7.157585075313596668e-03
7.213177343067187809e-03
7.268932261566119976e-03
7.324849183892701877e-03
7.380927461696844619e-03
7.437166456302608808e-03
7.493565522222864553e-03
7.550124018096290163e-03
7.606841303993975428e-03
7.663716741441285209e-03
7.720749693429436109e-03
7.777939524436451070e-03
7.835285600442290499e-03
7.892787288945877708e-03
7.950443958979126757e-03
8.008254981126450289e-03
8.066219727534261474e-03
8.124337571932092536e-03
8.182607889642463592e-03
8.241030060597322182e-03
8.299603457448741228e-03
8.358327463300105342e-03
8.417201459994827842e-03
8.476224831043557839e-03
8.535396961632758447e-03
8.594717235614470624e-03
8.654185047520648877e-03
8.713799784712275565e-03
8.773560839208998860e-03
8.833467604768793432e-03
8.893519476896471002e-03
8.953715852858893862e-03
9.014056131693586049e-03
9.074539714218466877e-03
9.135166003043626234e-03
9.195934402581023431e-03
9.256844319051577008e-03
9.317895160499444981e-03
9.379086336795742357e-03
9.440417259652302689e-03
9.501887342627439101e-03
9.563496004401643436e-03
9.625242655815569384e-03
9.687126719189600998e-03
9.749147615551803647e-03
9.811304767815203637e-03
9.873597600789258202e-03
9.936025537835927943e-03
9.998588014159261531e-03
1.006128445704185942e-02
1.012411429893453514e-02
1.018707697421069973e-02
1.025017191917748823e-02
1.031339857207875209e-02
1.037675637309925722e-02
1.044024476437206868e-02
1.050386318998294995e-02
1.056761109597366410e-02
1.063148793034905150e-02
1.069549314307630290e-02
1.075962618609488733e-02
1.082388651331519722e-02
1.088827358062745623e-02
1.095278684589924036e-02
1.101742577262300460e-02
1.108218981546432204e-02
1.114707844178680803e-02
1.121209111740911063e-02
1.127722731014368235e-02
1.134248648613108042e-02
1.140786812440544237e-02
1.147337169521447583e-02
1.153899667436675269e-02
1.160474253967490842e-02
1.167060877095602196e-02
1.173659485003233742e-02
1.180270026073266913e-02
1.186892448889325172e-02
1.193526702235815119e-02
1.200172735097977499e-02
1.206830496661792651e-02
1.213499936314248184e-02
1.220181003643059682e-02
1.226873648436859268e-02
1.233577820684888735e-02
1.240293470577409282e-02
1.247020548895791912e-02
1.253759005461485207e-02
1.260508791445746034e-02
1.267269857840743960e-02
1.274042155838916307e-02
1.280825636433471568e-02
1.287620252003451003e-02
1.294425953953213561e-02
1.301242694274604671e-02
1.308070425158748031e-02
1.314909098995840214e-02
1.321758668375020221e-02
1.328619086084371036e-02
1.335490305110174393e-02
1.342372278636892909e-02
1.349264960047148222e-02
1.356168302920964658e-02
1.363082261035642243e-02
1.370006788365768155e-02
1.376941839082474611e-02
1.383887367553316046e-02
1.390843328341744879e-02
1.397809676206913584e-02
1.404786366532714652e-02
1.411773353622602402e-02
1.418770593237667771e-02
1.425778040916006635e-02
1.432795651957787832e-02
1.439823383138949010e-02
1.446861190158340443e-02
1.453909029326471564e-02
1.460966857145956296e-02
1.468034630311066367e-02
1.475112305707225978e-02
1.482199840410130739e-02
1.489297191686143364e-02
1.496404316990928261e-02
1.503521173969686771e-02
1.510647720455849871e-02
1.517783914471451320e-02
1.524929714225929309e-02
1.532085078115950384e-02
1.539249964724879148e-02
1.546424332821894412e-02
1.553608141361850770e-02
1.560801349939932789e-02
1.568003916982665252e-02
1.575215802440681212e-02
1.582436966005461298e-02
1.589667367086801744e-02
1.596906966655200003e-02
