7.189969189795256455e+01
7.193645860748929977e+01
7.197322531702602078e+01
7.200999202656275600e+01
7.204675873609947701e+01
7.208352544563621223e+01
7.212029215517293324e+01
7.215705886470966846e+01
7.219382557424638946e+01
7.223059228378312469e+01
7.226735899331984569e+01
7.230412570285658092e+01
7.234089241239330192e+01
7.237765912193003714e+01
7.241442583146675815e+01
7.245119254100349337e+01
7.248795925054021438e+01
7.252472596007694960e+01
7.256149266961367061e+01
7.259825937915040583e+01
7.263502608868712684e+01
7.267179279822386206e+01
7.270855950776058307e+01
7.274532621729731829e+01
7.278209292683403930e+01
7.281885963637077452e+01
7.285562634590749553e+01
7.289239305544423075e+01
7.292915976498095176e+01
7.296592647451768698e+01
7.300269318405440799e+01
7.303945989359114321e+01
7.307622660312786422e+01
7.311299331266459944e+01
7.314976002220132045e+01
7.318652673173805567e+01
7.322329344127477668e+01
7.326006015081151190e+01
7.329682686034823291e+01
7.333359356988496813e+01
7.337036027942170335e+01
7.340712698895842436e+01
7.344389369849515958e+01
7.348066040803188059e+01
7.351742711756861581e+01
7.355419382710533682e+01
7.359096053664207204e+01
7.362772724617879305e+01
7.366449395571552827e+01
7.370126066525224928e+01
7.373802737478898450e+01
7.377479408432570551e+01
7.381156079386244073e+01
7.384832750339916174e+01
7.388509421293589696e+01
7.392186092247261797e+01
7.395862763200935319e+01
7.399539434154607420e+01
7.403216105108280942e+01
7.406892776061953043e+01
7.410569447015626565e+01
7.414246117969298666e+01
7.417922788922972188e+01
7.421599459876644289e+01
7.425276130830317811e+01
7.428952801783989912e+01
7.432629472737663434e+01
7.436306143691335535e+01
7.439982814645009057e+01
7.443659485598681158e+01
7.447336156552354680e+01
7.451012827506026781e+01
7.454689498459700303e+01
7.458366169413372404e+01
7.462042840367045926e+01
7.465719511320719448e+01
7.469396182274391549e+01
7.473072853228063650e+01
7.476749524181737172e+01
7.480426195135410694e+01
7.484102866089082795e+01
7.487779537042756317e+01
7.491456207996428418e+01
7.495132878950101940e+01
7.498809549903774041e+01
7.502486220857447563e+01
7.506162891811119664e+01
7.509839562764793186e+01
7.513516233718465287e+01
7.517192904672138809e+01
7.520869575625810910e+01
7.524546246579484432e+01
7.528222917533156533e+01
7.531899588486830055e+01
7.535576259440502156e+01
7.539252930394175678e+01
7.542929601347847779e+01
7.546606272301521301e+01
7.550282943255193402e+01
7.553959614208866924e+01
7.557636285162539025e+01
7.561312956116212547e+01
7.564989627069884648e+01
7.568666298023558170e+01
7.572342968977230271e+01
7.576019639930903793e+01
7.579696310884575894e+01
7.583372981838249416e+01
7.587049652791921517e+01
7.590726323745595039e+01
7.594402994699267140e+01
7.598079665652940662e+01
7.601756336606612763e+01
7.605433007560286285e+01
7.609109678513959807e+01
7.612786349467631908e+01
7.616463020421304009e+01
7.620139691374977531e+01
7.623816362328651053e+01
7.627493033282323154e+01
7.631169704235996676e+01
7.634846375189668777e+01
7.638523046143342299e+01
7.642199717097014400e+01
7.645876388050687922e+01
7.649553059004360023e+01
7.653229729958033545e+01
7.656906400911705646e+01
7.660583071865379168e+01
7.664259742819051269e+01
7.667936413772724791e+01
7.671613084726396892e+01
7.675289755680070414e+01
7.678966426633742515e+01
7.682643097587416037e+01
7.686319768541088138e+01
7.689996439494761660e+01
7.693673110448433761e+01
7.697349781402107283e+01
7.701026452355779384e+01
7.704703123309452906e+01
7.708379794263125007e+01
7.712056465216798529e+01
7.715733136170470630e+01
7.719409807124144152e+01
7.723086478077816253e+01
7.726763149031489775e+01
7.730439819985161876e+01
7.734116490938835398e+01
7.737793161892507499e+01
7.741469832846181021e+01
7.745146503799853122e+01
7.748823174753526644e+01
7.752499845707200166e+01
7.756176516660872267e+01
7.759853187614545789e+01
7.763529858568217890e+01
7.767206529521891412e+01
7.770883200475563513e+01
7.774559871429237035e+01
7.778236542382909136e+01
7.781913213336582658e+01
7.785589884290254759e+01
7.789266555243928281e+01
7.792943226197600382e+01
7.796619897151273904e+01
7.800296568104946004e+01
7.803973239058619527e+01
7.807649910012291627e+01
7.811326580965965150e+01
7.815003251919637250e+01
7.818679922873310773e+01
7.822356593826982873e+01
7.826033264780656395e+01
7.829709935734328496e+01
7.833386606688002018e+01
7.837063277641674119e+01
7.840739948595347641e+01
7.844416619549019742e+01
7.848093290502693264e+01
7.851769961456365365e+01
7.855446632410038887e+01
7.859123303363710988e+01
7.862799974317384510e+01
7.866476645271056611e+01
7.870153316224730133e+01
7.873829987178402234e+01
7.877506658132075756e+01
7.881183329085749278e+01
7.884860000039421379e+01
7.888536670993093480e+01
7.892213341946767002e+01
7.895890012900440524e+01
7.899566683854112625e+01
7.903243354807786147e+01
7.906920025761458248e+01
7.910596696715131770e+01
7.914273367668803871e+01
7.917950038622477393e+01
7.921626709576149494e+01
7.925303380529823016e+01
7.928980051483495117e+01
7.932656722437168639e+01
7.936333393390840740e+01
7.940010064344514262e+01
7.943686735298186363e+01
7.947363406251859885e+01
7.951040077205531986e+01
7.954716748159205508e+01
7.958393419112877609e+01
7.962070090066551131e+01
7.965746761020223232e+01
7.969423431973896754e+01
7.973100102927568855e+01
7.976776773881242377e+01
7.980453444834914478e+01
7.984130115788588000e+01
7.987806786742260101e+01
7.991483457695933623e+01
7.995160128649605724e+01
7.998836799603279246e+01
8.002513470556951347e+01
8.006190141510624869e+01
8.009866812464298391e+01
8.013543483417970492e+01
8.017220154371642593e+01
8.020896825325316115e+01
8.024573496278989637e+01
8.028250167232661738e+01
8.031926838186333839e+01
8.035603509140007361e+01
8.039280180093680883e+01
8.042956851047352984e+01
8.046633522001026506e+01
8.050310192954698607e+01
8.053986863908372129e+01
8.057663534862044230e+01
8.061340205815717752e+01
8.065016876769389853e+01
8.068693547723063375e+01
8.072370218676735476e+01
8.076046889630408998e+01
8.079723560584081099e+01
8.083400231537754621e+01
8.087076902491426722e+01
8.090753573445100244e+01
8.094430244398772345e+01
8.098106915352445867e+01
8.101783586306117968e+01
8.105460257259791490e+01
8.109136928213463591e+01
8.112813599167137113e+01
8.116490270120809214e+01
8.120166941074482736e+01
8.123843612028154837e+01
8.127520282981828359e+01
8.131196953935500460e+01
8.134873624889173982e+01
8.138550295842846083e+01
8.142226966796519605e+01
8.145903637750191706e+01
8.149580308703865228e+01
8.153256979657538750e+01
8.156933650611210851e+01
8.160610321564882952e+01
8.164286992518556474e+01
8.167963663472229996e+01
8.171640334425902097e+01
8.175317005379574198e+01
8.178993676333247720e+01
8.182670347286921242e+01
8.186347018240593343e+01
8.190023689194266865e+01
8.193700360147938966e+01
8.197377031101612488e+01
8.201053702055284589e+01
8.204730373008958111e+01
8.208407043962630212e+01
8.212083714916303734e+01
8.215760385869975835e+01
8.219437056823649357e+01
8.223113727777321458e+01
8.226790398730994980e+01
8.230467069684667081e+01
8.234143740638340603e+01
8.237820411592012704e+01
8.241497082545686226e+01
8.245173753499358327e+01
8.248850424453031849e+01
8.252527095406703950e+01
8.256203766360377472e+01
8.259880437314049573e+01
8.263557108267723095e+01
8.267233779221395196e+01
8.270910450175068718e+01
8.274587121128740819e+01
8.278263792082414341e+01
8.281940463036086442e+01
8.285617133989759964e+01
8.289293804943432065e+01
8.292970475897105587e+01
8.296647146850779109e+01
8.300323817804451210e+01
8.304000488758123311e+01
8.307677159711796833e+01
8.311353830665470355e+01
8.315030501619142456e+01
8.318707172572814557e+01
8.322383843526488079e+01
8.326060514480161601e+01
8.329737185433833702e+01
8.333413856387507224e+01
8.337090527341179325e+01
8.340767198294852847e+01
8.344443869248524948e+01
8.348120540202198470e+01
8.351797211155870571e+01
8.355473882109544093e+01
8.359150553063216194e+01
8.362827224016889716e+01
8.366503894970561817e+01
8.370180565924235339e+01
8.373857236877907440e+01
8.377533907831580962e+01
8.381210578785253063e+01
8.384887249738926585e+01
8.388563920692598685e+01
8.392240591646272208e+01
8.395917262599944308e+01
8.399593933553617831e+01
8.403270604507289931e+01
8.406947275460963453e+01
8.410623946414635554e+01
8.414300617368309076e+01
8.417977288321981177e+01
8.421653959275654699e+01
8.425330630229326800e+01
8.429007301183000322e+01
8.432683972136672423e+01
8.436360643090345945e+01
8.440037314044019467e+01
8.443713984997691568e+01
8.447390655951363669e+01
8.451067326905037191e+01
8.454743997858710713e+01
8.458420668812382814e+01
8.462097339766054915e+01
8.465774010719728437e+01
8.469450681673401959e+01
8.473127352627074060e+01
8.476804023580747582e+01
8.480480694534419683e+01
8.484157365488093205e+01
8.487834036441765306e+01
8.491510707395438828e+01
8.495187378349110929e+01
8.498864049302784451e+01
8.502540720256456552e+01
8.506217391210130074e+01
8.509894062163802175e+01
8.513570733117475697e+01
8.517247404071147798e+01
8.520924075024821320e+01
8.524600745978493421e+01
8.528277416932166943e+01
8.531954087885839044e+01
8.535630758839512566e+01
8.539307429793184667e+01
8.542984100746858189e+01
8.546660771700530290e+01
8.550337442654203812e+01
8.554014113607875913e+01
8.557690784561549435e+01
8.561367455515221536e+01
8.565044126468895058e+01
8.568720797422568580e+01
8.572397468376240681e+01
8.576074139329912782e+01
8.579750810283586304e+01
8.583427481237259826e+01
8.587104152190931927e+01
8.590780823144604028e+01
8.594457494098277550e+01
8.598134165051951072e+01
8.601810836005623173e+01
8.605487506959296695e+01
8.609164177912968796e+01
8.612840848866642318e+01
8.616517519820314419e+01
8.620194190773987941e+01
8.623870861727660042e+01
8.627547532681333564e+01
8.631224203635005665e+01
8.634900874588679187e+01
8.638577545542351288e+01
8.642254216496024810e+01
8.645930887449696911e+01
8.649607558403370433e+01
8.653284229357042534e+01
8.656960900310716056e+01
8.660637571264388157e+01
8.664314242218061679e+01
8.667990913171733780e+01
8.671667584125407302e+01
8.675344255079079403e+01
8.679020926032752925e+01
8.682697596986425026e+01
8.686374267940098548e+01
8.690050938893770649e+01
8.693727609847444171e+01
8.697404280801116272e+01
8.701080951754789794e+01
8.704757622708461895e+01
8.708434293662135417e+01
8.712110964615808939e+01
8.715787635569481040e+01
8.719464306523153141e+01
8.723140977476826663e+01
8.726817648430500185e+01
8.730494319384172286e+01
8.734170990337844387e+01
8.737847661291517909e+01
8.741524332245191431e+01
8.745201003198863532e+01
8.748877674152537054e+01
8.752554345106209155e+01
8.756231016059882677e+01
8.759907687013554778e+01
8.763584357967228300e+01
8.767261028920900401e+01
8.770937699874573923e+01
8.774614370828246024e+01
8.778291041781919546e+01
8.781967712735591647e+01
8.785644383689265169e+01
8.789321054642937270e+01
8.792997725596610792e+01
8.796674396550282893e+01
8.800351067503956415e+01
8.804027738457628516e+01
8.807704409411302038e+01
8.811381080364974139e+01
8.815057751318647661e+01
8.818734422272319762e+01
8.822411093225993284e+01
8.826087764179665385e+01
8.829764435133338907e+01
8.833441106087011008e+01
8.837117777040684530e+01
8.840794447994358052e+01
8.844471118948030153e+01
8.848147789901702254e+01
8.851824460855375776e+01
8.855501131809049298e+01
8.859177802762721399e+01
8.862854473716393500e+01
8.866531144670067022e+01
8.870207815623740544e+01
8.873884486577412645e+01
8.877561157531084746e+01
8.881237828484758268e+01
8.884914499438431790e+01
8.888591170392103891e+01
8.892267841345775992e+01
8.895944512299449514e+01
8.899621183253123036e+01
8.903297854206795137e+01
8.906974525160468659e+01
8.910651196114140760e+01
8.914327867067814282e+01
8.918004538021486383e+01
8.921681208975159905e+01
8.925357879928832006e+01
8.929034550882505528e+01
8.932711221836177629e+01
8.936387892789851151e+01
8.940064563743523252e+01
8.943741234697196774e+01
8.947417905650868875e+01
8.951094576604542397e+01
8.954771247558214498e+01
8.958447918511888020e+01
8.962124589465560121e+01
8.965801260419233643e+01
8.969477931372907165e+01
8.973154602326579266e+01
8.976831273280251366e+01
8.980507944233924889e+01
8.984184615187598411e+01
8.987861286141270512e+01
8.991537957094942612e+01
8.995214628048616134e+01
8.998891299002289657e+01
9.002567969955961757e+01
9.006244640909633858e+01
9.009921311863307380e+01
9.013597982816980902e+01
9.017274653770653003e+01
9.020951324724325104e+01
9.024627995677998626e+01
