1.789990345549687155e-03
1.755162737626062876e-03
1.720657974474673916e-03
1.686476978379530508e-03
1.652620659808402837e-03
1.619089913248171302e-03
1.585885620445688735e-03
1.553008649548676600e-03
1.520459855064580385e-03
1.488240077821767308e-03
1.456350144931181341e-03
1.424790869751866012e-03
1.393563051855561952e-03
1.362667476995509845e-03
1.332104917075095088e-03
1.301876130119548588e-03
1.271981860248164523e-03
1.242422837649651869e-03
1.213199778558011772e-03
1.184313385948560209e-03
1.155764346661959435e-03
1.127553335645889009e-03
1.099681012425716194e-03
1.072148024529660402e-03
1.044955003390220585e-03
1.018102567041576567e-03
9.915913194365728964e-04
9.654218504382316079e-04
9.395947358132875548e-04
9.141105372275702516e-04
8.889698022433273035e-04
8.641730643172180907e-04
8.397208428016152441e-04
8.156136429459160970e-04
7.918519559008364503e-04
7.684362587236105149e-04
7.453670143854092397e-04
7.226446717798669112e-04
7.002696663138416669e-04
6.782424176093951058e-04
6.565633329669154144e-04
6.352328050916647819e-04
6.142512121388064242e-04
5.936189198888896373e-04
5.733362785460451982e-04
5.534036248993122551e-04
5.338212818132660525e-04
5.145895582531808538e-04
4.957087493114273368e-04
4.771791362358509896e-04
4.590009864593637824e-04
4.411745536311677805e-04
4.237000776496856170e-04
4.065777846965184096e-04
3.898078872725697507e-04
3.733905842351101343e-04
3.573260608365976280e-04
3.416144891897389684e-04
3.262560266140824400e-04
3.112508182145936838e-04
2.965989952408203882e-04
2.823006755526034721e-04
2.683559632918616029e-04
2.547649504322189182e-04
2.415277145812498106e-04
2.286443205277307559e-04
2.161148199209150149e-04
2.039392513249073239e-04
1.921176402736767192e-04
1.806499993278635541e-04
1.695363281326310633e-04
1.587766134767492851e-04
1.483708293530380589e-04
1.383189370198820546e-04
1.286208850641206781e-04
1.192766094649617487e-04
1.102860339115986480e-04
1.016490688577434566e-04
9.336561310905511408e-05
8.543555287699860232e-05
7.785876210248766970e-05
7.063510252646849300e-05
6.376442356959596391e-05
5.724656317805120495e-05
5.108134673202440016e-05
4.526858790093121223e-05
3.980808852345350997e-05
3.469963868412457729e-05
2.994301679124385899e-05
2.553798965544899053e-05
2.148431256928137379e-05
1.778172938772840887e-05
1.442997260948121802e-05
1.142876345913606426e-05
8.777811970251566306e-06
6.476817132981971512e-06
4.525466714715848166e-06
2.923437753809859933e-06
1.670396365706968610e-06
7.659979016889731709e-07
2.098870365038669225e-07
1.697856654734679188e-09
1.410539588580131083e-07
6.275685129552883665e-07
1.460844376245342765e-06
2.640474178600244493e-06
4.166040412911519326e-06
6.037115527203089990e-06
8.253262017235755526e-06
1.081403251968605269e-05
1.371896990583740711e-05
1.696760737577112963e-05
2.055946855302398036e-05
2.449406757977234418e-05
2.877090907242228995e-05
3.338948876145839774e-05
3.834929279508048674e-05
4.364979834974263943e-05
4.929047360244784482e-05
5.527077782824878194e-05
6.159016149803557810e-05
6.824806637676713455e-05
7.524392585062862388e-05
8.257716412931614155e-05
9.024719766249302726e-05
9.825343437824087857e-05
1.065952739932769924e-04
1.152721081126605648e-04
1.242833203295999383e-04
1.336282863254283754e-04
1.433063739695646251e-04
1.533169434198609438e-04
1.636593472229155399e-04
1.743329300571129460e-04
1.853370302391107397e-04
1.966709777495839599e-04
2.083340956947736804e-04
2.203257000726403499e-04
2.326450998730143110e-04
2.452915971784761233e-04
2.582644872649555090e-04
2.715630591414429926e-04
2.851865939186047161e-04
2.991343674703016370e-04
3.134056488504113869e-04
3.279997008079962579e-04
3.429157798875741227e-04
3.581531365290470718e-04
3.737110151673143314e-04
3.895886543322213381e-04
4.057852867477769769e-04
4.223001394315306308e-04
4.391324332069413577e-04
4.562813851178914660e-04
4.737462050989517523e-04
4.915260983299244400e-04
5.096202647771174571e-04
5.280278992910377193e-04
5.467481917037936854e-04
5.657803269265214386e-04
5.851234850461283724e-04
6.047768421050305756e-04
6.247395674980284110e-04
6.450108280684640647e-04
6.655897855683041596e-04
6.864755974048017103e-04
7.076674167347356270e-04
7.291643925587148372e-04
7.509656698155671916e-04
7.730703894752798773e-04
7.954776886325221541e-04
8.181866997720735552e-04
8.411965541286769727e-04
8.645063769346074617e-04
8.881152907033577383e-04
9.120224145310869366e-04
9.362268641868731756e-04
9.607277522023564787e-04
9.855241879612856339e-04
1.010615277787676189e-03
1.036000125034409287e-03
1.061677831112092796e-03
1.087647491851576140e-03
1.113908203116581105e-03
1.140459057245202636e-03
1.167299144036590712e-03
1.194427550835915368e-03
1.221843362618431393e-03
1.249545662073216906e-03
1.277533529685711275e-03
1.305806042746594960e-03
1.334362279683663994e-03
1.363201313835790988e-03
1.392322217693477051e-03
1.421724061950155587e-03
1.451405915580549974e-03
1.481366845920820824e-03
1.511605918744798839e-03
1.542122198343033991e-03
1.572914747597885200e-03
1.603982628060689067e-03
1.635324901240332862e-03
1.666940623874119684e-03
1.698828855133373067e-03
1.730988651991156738e-03
1.763419070458464594e-03
1.796119165658191909e-03
1.829087991892981453e-03
1.862324602721256205e-03
1.895828049691372121e-03
1.929597387678381494e-03
1.963631667136927269e-03
1.997929939326007886e-03
2.032491255099869165e-03
2.067314664973889538e-03
2.102399219191472286e-03
2.137743967787600168e-03
2.173347960653715816e-03
2.209210247602029671e-03
2.245329878426871942e-03
2.281705902968447601e-03
2.318337372670775925e-03
2.355223334710047044e-03
2.392362840868945961e-03
2.429754941774256351e-03
2.467398688397937599e-03
2.505293132115644830e-03
2.543437324762362790e-03
2.581830317100961610e-03
2.620471165169161419e-03
2.659358920990665797e-03
2.698492638796587927e-03
2.737871373554434575e-03
2.777494181018705811e-03
2.817360117784460227e-03
2.857468241336755428e-03
2.897817610104060169e-03
2.938407283505385052e-03
2.979236322002070531e-03
3.020303787144712915e-03
3.061608741621632546e-03
3.103150251099545068e-03
3.144927377164591278e-03
3.186939187925164323e-03
3.229184751086207512e-03
3.271663135716286475e-03
3.314373412297612950e-03
3.357314650911576506e-03
3.400485928618955135e-03
3.443886318603225135e-03
3.487514897408575988e-03
3.531370743198311742e-03
3.575452935792445934e-03
3.619760556708229073e-03
3.664292689198616563e-03
3.709048418288629374e-03
3.754026830812869173e-03
3.799227015452620159e-03
3.844648062768636632e-03
3.890289065241134443e-03
3.936149119322115454e-03
3.982227317452748626e-03
4.028522760015488570e-03
4.075034547492102817e-03
4.121761782443926318e-03
4.168703569547059853e-03
4.215859015619349316e-03
4.263227227457757132e-03
4.310807320563504394e-03
4.358598406244203194e-03
4.406599600185104500e-03
4.454810020354521040e-03
4.503228787037487878e-03
4.551855022855269377e-03
4.600687852795797526e-03
4.649726404237486226e-03
4.698969806972995260e-03
4.748417193232541515e-03
4.798067697709330025e-03
4.847920457582058536e-03
4.897974614863688861e-03
4.948229307193643955e-03
4.998683681581943955e-03
5.049336885362075075e-03
5.100188068456064025e-03
5.151236383397004258e-03
5.202480982881683806e-03
5.253921029557013893e-03
5.305555681518390326e-03
5.357384101919908034e-03
5.409405456615346171e-03
5.461618914173851751e-03
5.514023645895788084e-03
5.566618825827462577e-03
5.619403630776664653e-03
5.672377240326721345e-03
5.725538836850535551e-03
5.778887605523052619e-03
5.832422734337136538e-03
5.886143414111059610e-03
5.940048841147359086e-03
5.994138206766299812e-03
6.048410712894553010e-03
6.102865561778850721e-03
6.157501958551886423e-03
6.212319108503908116e-03
6.267316227931044037e-03
6.322492528031956570e-03
6.377847225567617392e-03
6.433379540221562283e-03
6.489088694618285261e-03
6.544973914321080589e-03
6.601034427844942182e-03
6.657269466660536116e-03
6.713678265199841087e-03
6.770260060864204468e-03
6.827014094026958267e-03
6.883939608039316323e-03
6.941035849235667812e-03
6.998302066935944282e-03
7.055737516413126964e-03
7.113341447150891422e-03
7.171113120312986797e-03
7.229051797202392000e-03
7.287156739123005350e-03
7.345427219274846403e-03
7.403862505074042255e-03
7.462461869842279029e-03
7.521224589908815338e-03
7.580149944612006238e-03
7.639237216299939875e-03
7.698485690330517280e-03
7.757894655071047307e-03
7.817463401899626615e-03
7.877191225200357028e-03
7.937077422367301571e-03
7.997121293797150934e-03
8.057322142895848374e-03
8.117679276068280256e-03
8.178192002722576431e-03
8.238859638551190509e-03
8.299681492491139609e-03
8.360656886115884825e-03
8.421785140806929693e-03
8.483065577565819526e-03
8.544497530366993235e-03
8.606080326282759818e-03
8.667813298619932508e-03
8.729695783651637495e-03
8.791727120618424152e-03
8.853906651722498813e-03
8.916233722121450281e-03
8.978707679922157472e-03
9.041327876178468365e-03
9.104093664882552395e-03
9.167004402961446627e-03
9.230059450268470606e-03
9.293258169579552211e-03
9.356599926585751001e-03
9.420084089886825857e-03
9.483710034601241373e-03
9.547477128011204461e-03
9.611384750900408419e-03
9.675432279801504318e-03
9.739619104893588314e-03
9.803944608565033636e-03
9.868408179577757566e-03
9.933009209541916393e-03
9.997747092909790509e-03
1.006262122696670487e-02
1.012763101182326958e-02
1.019277585040772975e-02
1.025805514845440879e-02
1.032346831449933861e-02
1.038901475986818597e-02
1.045469389866703069e-02
1.052050514777574421e-02
1.058644792683527923e-02
1.065252165824354287e-02
1.071872576713958983e-02
1.078505968535070116e-02
1.085152283570357291e-02
1.091811465533724587e-02
1.098483457625730984e-02
1.105168204507840993e-02
1.111865649931519096e-02
1.118575738304307572e-02
1.125298414300381598e-02
1.132033622859201887e-02
1.138781309184693988e-02
1.145541418744187162e-02
1.152313897267253327e-02
1.159098690744734574e-02
1.165895745427686717e-02
1.172705007826049632e-02
1.179526424707933764e-02
1.186359943098259928e-02
1.193205510277934450e-02
1.200063073782281671e-02
1.206932581400395159e-02
1.213813981602730394e-02
1.220707221838358315e-02
1.227612250638678015e-02
1.234529017635940806e-02
1.241457471456860161e-02
1.248397561388569360e-02
1.255349236963789437e-02
1.262312447959706464e-02
1.269287144397036188e-02
1.276273276538606241e-02
1.283270794888387127e-02
1.290279650190404546e-02
1.297299793427215096e-02
1.304331175819147676e-02
1.311373748822978677e-02
1.318427464130575953e-02
1.325492273668236326e-02
1.332568129594737319e-02
1.339654984301153623e-02
1.346752790408641508e-02
1.353861501230948020e-02
1.360981068936376916e-02
1.368111446813053030e-02
1.375252589310254313e-02
1.382404449733280402e-02
1.389566982062082068e-02
1.396740140499482669e-02
1.403923879469177842e-02
1.411118153614709589e-02
1.418322917798721557e-02
1.425538127101425370e-02
1.432763736819444265e-02
1.439999702464546914e-02
1.447245979762951280e-02
1.454502524653609324e-02
1.461769293287161833e-02
1.469046242024981026e-02
1.476333327437853553e-02
1.483630506304823606e-02
1.490937735611945654e-02
1.498254973048276581e-02
1.505582174542097716e-02
1.512919299140138597e-02
1.520266304170629634e-02
1.527623147637453480e-02
1.534989787744818826e-02
1.542366182896029968e-02
1.549752291692359056e-02
1.557148072931471491e-02
1.564553485606435743e-02
1.571968488905315167e-02
1.579393042209022158e-02
1.586827105090688611e-02
1.594270637314312844e-02
1.601723598834047316e-02
1.609185949792589845e-02
1.616657650520261780e-02
1.624138661534178449e-02
1.631628943536360052e-02
1.639128457413545001e-02
1.646637164766900224e-02
1.654155025272532192e-02
1.661682001920869803e-02
1.669218055811358403e-02
1.676763148735510925e-02
1.684317242662603312e-02
1.691880299738489010e-02
1.699452282284299662e-02
1.707033152796114117e-02
1.714622873943243836e-02
1.722221408567042866e-02
1.729828719680754842e-02
1.737444770467190189e-02
1.745069524278672693e-02
1.752702944635622234e-02
1.760344995225409867e-02
1.767995639901692034e-02
1.775654842683041870e-02
1.783322567751595769e-02
1.790998779453227205e-02
1.798683442860363885e-02
1.806376520958745055e-02
1.814077980245966393e-02
1.821787785157132425e-02
1.829505900837289159e-02
1.837232292588067417e-02
1.844966925867511792e-02
1.852709766288758789e-02
1.860460779618164709e-02
1.868219931775645659e-02
1.875987188833015684e-02
1.883762517012768298e-02
1.891545882688489000e-02
1.899337252381726529e-02
1.907136592762822755e-02
1.914943870649562715e-02
1.922759053005626897e-02
1.930582106940064227e-02
1.938412999706928125e-02
1.946251698703222593e-02
