6.903260051511188067e+01
6.906475082300651991e+01
6.909690113090117336e+01
6.912905143879581260e+01
6.916120174669045184e+01
6.919335205458510529e+01
6.922550236247974453e+01
6.925765267037438377e+01
6.928980297826903723e+01
6.932195328616367647e+01
6.935410359405831571e+01
6.938625390195296916e+01
6.941840420984760840e+01
6.945055451774224764e+01
6.948270482563690109e+01
6.951485513353154033e+01
6.954700544142617957e+01
6.957915574932083302e+01
6.961130605721547226e+01
6.964345636511012572e+01
6.967560667300476496e+01
6.970775698089940420e+01
6.973990728879405765e+01
6.977205759668869689e+01
6.980420790458333613e+01
6.983635821247798958e+01
6.986850852037262882e+01
6.990065882826726806e+01
6.993280913616192151e+01
6.996495944405656076e+01
6.999710975195120000e+01
7.002926005984585345e+01
7.006141036774049269e+01
7.009356067563513193e+01
7.012571098352978538e+01
7.015786129142442462e+01
7.019001159931906386e+01
7.022216190721371731e+01
7.025431221510835655e+01
7.028646252300299579e+01
7.031861283089764925e+01
7.035076313879228849e+01
7.038291344668692773e+01
7.041506375458158118e+01
7.044721406247622042e+01
7.047936437037085966e+01
7.051151467826551311e+01
7.054366498616015235e+01
7.057581529405479159e+01
7.060796560194944504e+01
7.064011590984408429e+01
7.067226621773872353e+01
7.070441652563337698e+01
7.073656683352801622e+01
7.076871714142266967e+01
7.080086744931730891e+01
7.083301775721194815e+01
7.086516806510660160e+01
7.089731837300124084e+01
7.092946868089588008e+01
7.096161898879053354e+01
7.099376929668517278e+01
7.102591960457981202e+01
7.105806991247446547e+01
7.109022022036910471e+01
7.112237052826374395e+01
7.115452083615839740e+01
7.118667114405303664e+01
7.121882145194767588e+01
7.125097175984232933e+01
7.128312206773696857e+01
7.131527237563160782e+01
7.134742268352626127e+01
7.137957299142090051e+01
7.141172329931553975e+01
7.144387360721019320e+01
7.147602391510483244e+01
7.150817422299947168e+01
7.154032453089412513e+01
7.157247483878876437e+01
7.160462514668340361e+01
7.163677545457805707e+01
7.166892576247269631e+01
7.170107607036733555e+01
7.173322637826198900e+01
7.176537668615662824e+01
7.179752699405126748e+01
7.182967730194592093e+01
7.186182760984056017e+01
7.189397791773521362e+01
7.192612822562985286e+01
7.195827853352449210e+01
7.199042884141914556e+01
7.202257914931378480e+01
7.205472945720842404e+01
7.208687976510307749e+01
7.211903007299771673e+01
7.215118038089235597e+01
7.218333068878700942e+01
7.221548099668164866e+01
7.224763130457628790e+01
7.227978161247094135e+01
7.231193192036558059e+01
7.234408222826021984e+01
7.237623253615487329e+01
7.240838284404951253e+01
7.244053315194415177e+01
7.247268345983880522e+01
7.250483376773344446e+01
7.253698407562808370e+01
7.256913438352273715e+01
7.260128469141737639e+01
7.263343499931201563e+01
7.266558530720666909e+01
7.269773561510130833e+01
7.272988592299594757e+01
7.276203623089060102e+01
7.279418653878524026e+01
7.282633684667987950e+01
7.285848715457453295e+01
7.289063746246917219e+01
7.292278777036381143e+01
7.295493807825846488e+01
7.298708838615310412e+01
7.301923869404774337e+01
7.305138900194239682e+01
7.308353930983703606e+01
7.311568961773168951e+01
7.314783992562632875e+01
7.317999023352096799e+01
7.321214054141562144e+01
7.324429084931026068e+01
7.327644115720489992e+01
7.330859146509955337e+01
7.334074177299419262e+01
7.337289208088883186e+01
7.340504238878348531e+01
7.343719269667812455e+01
7.346934300457276379e+01
7.350149331246741724e+01
7.353364362036205648e+01
7.356579392825669572e+01
7.359794423615134917e+01
7.363009454404598841e+01
7.366224485194062765e+01
7.369439515983528111e+01
7.372654546772992035e+01
7.375869577562455959e+01
7.379084608351921304e+01
7.382299639141385228e+01
7.385514669930849152e+01
7.388729700720314497e+01
7.391944731509778421e+01
7.395159762299242345e+01
7.398374793088707690e+01
7.401589823878171615e+01
7.404804854667636960e+01
7.408019885457100884e+01
7.411234916246564808e+01
7.414449947036030153e+01
7.417664977825494077e+01
7.420880008614958001e+01
7.424095039404423346e+01
7.427310070193887270e+01
7.430525100983351194e+01
7.433740131772816540e+01
7.436955162562280464e+01
7.440170193351744388e+01
7.443385224141209733e+01
7.446600254930673657e+01
7.449815285720137581e+01
7.453030316509602926e+01
7.456245347299066850e+01
7.459460378088530774e+01
7.462675408877996119e+01
7.465890439667460043e+01
7.469105470456923968e+01
7.472320501246389313e+01
7.475535532035853237e+01
7.478750562825317161e+01
7.481965593614782506e+01
7.485180624404246430e+01
7.488395655193710354e+01
7.491610685983175699e+01
7.494825716772639623e+01
7.498040747562103547e+01
7.501255778351568893e+01
7.504470809141032817e+01
7.507685839930496741e+01
7.510900870719962086e+01
7.514115901509426010e+01
7.517330932298889934e+01
7.520545963088355279e+01
7.523760993877819203e+01
7.526976024667283127e+01
7.530191055456748472e+01
7.533406086246212396e+01
7.536621117035676320e+01
7.539836147825141666e+01
7.543051178614605590e+01
7.546266209404070935e+01
7.549481240193534859e+01
7.552696270982998783e+01
7.555911301772464128e+01
7.559126332561928052e+01
7.562341363351391976e+01
7.565556394140857321e+01
7.568771424930321245e+01
7.571986455719785170e+01
7.575201486509250515e+01
7.578416517298714439e+01
7.581631548088178363e+01
7.584846578877643708e+01
7.588061609667107632e+01
7.591276640456571556e+01
7.594491671246036901e+01
7.597706702035500825e+01
7.600921732824964749e+01
7.604136763614430095e+01
7.607351794403894019e+01
7.610566825193357943e+01
7.613781855982823288e+01
7.616996886772287212e+01
7.620211917561751136e+01
7.623426948351216481e+01
7.626641979140680405e+01
7.629857009930144329e+01
7.633072040719609674e+01
7.636287071509073598e+01
7.639502102298538944e+01
7.642717133088002868e+01
7.645932163877466792e+01
7.649147194666932137e+01
7.652362225456396061e+01
7.655577256245859985e+01
7.658792287035325330e+01
7.662007317824789254e+01
7.665222348614253178e+01
7.668437379403718523e+01
7.671652410193182448e+01
7.674867440982646372e+01
7.678082471772111717e+01
7.681297502561575641e+01
7.684512533351039565e+01
7.687727564140504910e+01
7.690942594929968834e+01
7.694157625719432758e+01
7.697372656508898103e+01
7.700587687298362027e+01
7.703802718087825951e+01
7.707017748877291297e+01
7.710232779666755221e+01
7.713447810456219145e+01
7.716662841245684490e+01
7.719877872035148414e+01
7.723092902824612338e+01
7.726307933614077683e+01
7.729522964403541607e+01
7.732737995193005531e+01
7.735953025982470876e+01
7.739168056771934801e+01
7.742383087561398725e+01
7.745598118350864070e+01
7.748813149140327994e+01
7.752028179929791918e+01
7.755243210719257263e+01
7.758458241508721187e+01
7.761673272298185111e+01
7.764888303087650456e+01
7.768103333877114380e+01
7.771318364666578304e+01
7.774533395456043650e+01
7.777748426245507574e+01
7.780963457034972919e+01
7.784178487824436843e+01
7.787393518613900767e+01
7.790608549403366112e+01
7.793823580192830036e+01
7.797038610982293960e+01
7.800253641771759305e+01
7.803468672561223229e+01
7.806683703350687153e+01
7.809898734140152499e+01
7.813113764929616423e+01
7.816328795719080347e+01
7.819543826508545692e+01
7.822758857298009616e+01
7.825973888087473540e+01
7.829188918876938885e+01
7.832403949666402809e+01
7.835618980455866733e+01
7.838834011245332078e+01
7.842049042034796003e+01
7.845264072824259927e+01
7.848479103613725272e+01
7.851694134403189196e+01
7.854909165192654541e+01
7.858124195982118465e+01
7.861339226771582389e+01
7.864554257561047734e+01
7.867769288350511658e+01
7.870984319139975582e+01
7.874199349929440928e+01
7.877414380718904852e+01
7.880629411508368776e+01
7.883844442297834121e+01
7.887059473087298045e+01
7.890274503876761969e+01
7.893489534666227314e+01
7.896704565455691238e+01
7.899919596245155162e+01
7.903134627034620507e+01
7.906349657824084431e+01
7.909564688613548356e+01
7.912779719403013701e+01
7.915994750192477625e+01
7.919209780981941549e+01
7.922424811771406894e+01
7.925639842560870818e+01
7.928854873350334742e+01
7.932069904139800087e+01
7.935284934929264011e+01
7.938499965718727935e+01
7.941714996508193281e+01
7.944930027297657205e+01
7.948145058087121129e+01
7.951360088876586474e+01
7.954575119666050398e+01
7.957790150455514322e+01
7.961005181244979667e+01
7.964220212034443591e+01
7.967435242823907515e+01
7.970650273613372860e+01
7.973865304402836784e+01
7.977080335192300709e+01
7.980295365981766054e+01
7.983510396771229978e+01
7.986725427560693902e+01
7.989940458350159247e+01
7.993155489139623171e+01
7.996370519929087095e+01
7.999585550718552440e+01
8.002800581508016364e+01
8.006015612297481709e+01
8.009230643086945634e+01
8.012445673876409558e+01
8.015660704665874903e+01
8.018875735455338827e+01
8.022090766244802751e+01
8.025305797034268096e+01
8.028520827823732020e+01
8.031735858613195944e+01
8.034950889402661289e+01
8.038165920192125213e+01
8.041380950981589137e+01
8.044595981771054483e+01
8.047811012560518407e+01
8.051026043349982331e+01
8.054241074139447676e+01
8.057456104928911600e+01
8.060671135718375524e+01
8.063886166507840869e+01
8.067101197297304793e+01
8.070316228086768717e+01
8.073531258876234062e+01
8.076746289665697986e+01
8.079961320455163332e+01
8.083176351244627256e+01
8.086391382034091180e+01
8.089606412823556525e+01
8.092821443613020449e+01
8.096036474402484373e+01
8.099251505191949718e+01
8.102466535981413642e+01
8.105681566770877566e+01
8.108896597560342911e+01
8.112111628349806836e+01
8.115326659139270760e+01
8.118541689928736105e+01
8.121756720718200029e+01
8.124971751507663953e+01
8.128186782297129298e+01
8.131401813086593222e+01
8.134616843876057146e+01
8.137831874665522491e+01
8.141046905454986415e+01
8.144261936244450339e+01
8.147476967033915685e+01
8.150691997823379609e+01
8.153907028612843533e+01
8.157122059402308878e+01
8.160337090191772802e+01
8.163552120981236726e+01
8.166767151770702071e+01
8.169982182560165995e+01
8.173197213349629919e+01
8.176412244139095264e+01
8.179627274928559189e+01
8.182842305718023113e+01
8.186057336507488458e+01
8.189272367296952382e+01
8.192487398086416306e+01
8.195702428875881651e+01
8.198917459665345575e+01
8.202132490454809499e+01
8.205347521244274844e+01
8.208562552033738768e+01
8.211777582823202692e+01
8.214992613612668038e+01
8.218207644402131962e+01
8.221422675191595886e+01
8.224637705981061231e+01
8.227852736770525155e+01
8.231067767559990500e+01
8.234282798349454424e+01
8.237497829138918348e+01
8.240712859928383693e+01
8.243927890717847617e+01
8.247142921507311542e+01
8.250357952296776887e+01
8.253572983086240811e+01
8.256788013875704735e+01
8.260003044665170080e+01
8.263218075454634004e+01
8.266433106244097928e+01
8.269648137033563273e+01
8.272863167823027197e+01
8.276078198612491121e+01
8.279293229401956467e+01
8.282508260191420391e+01
8.285723290980884315e+01
8.288938321770349660e+01
8.292153352559813584e+01
8.295368383349277508e+01
8.298583414138742853e+01
8.301798444928206777e+01
8.305013475717672122e+01
8.308228506507136046e+01
8.311443537296599970e+01
8.314658568086065316e+01
8.317873598875529240e+01
8.321088629664993164e+01
8.324303660454458509e+01
8.327518691243922433e+01
8.330733722033386357e+01
8.333948752822851702e+01
8.337163783612315626e+01
8.340378814401779550e+01
8.343593845191244895e+01
8.346808875980708819e+01
8.350023906770172744e+01
8.353238937559638089e+01
8.356453968349102013e+01
8.359668999138565937e+01
8.362884029928031282e+01
8.366099060717495206e+01
8.369314091506959130e+01
8.372529122296424475e+01
8.375744153085888399e+01
8.378959183875352323e+01
8.382174214664817669e+01
8.385389245454281593e+01
8.388604276243745517e+01
8.391819307033210862e+01
8.395034337822674786e+01
8.398249368612138710e+01
8.401464399401604055e+01
8.404679430191067979e+01
8.407894460980531903e+01
8.411109491769997248e+01
8.414324522559461172e+01
8.417539553348925097e+01
8.420754584138390442e+01
8.423969614927854366e+01
8.427184645717318290e+01
8.430399676506783635e+01
8.433614707296247559e+01
8.436829738085711483e+01
8.440044768875176828e+01
8.443259799664640752e+01
8.446474830454104676e+01
8.449689861243570022e+01
8.452904892033033946e+01
8.456119922822497870e+01
8.459334953611963215e+01
8.462549984401427139e+01
8.465765015190892484e+01
8.468980045980356408e+01
8.472195076769820332e+01
8.475410107559285677e+01
8.478625138348749601e+01
8.481840169138213525e+01
8.485055199927678871e+01
8.488270230717142795e+01
8.491485261506606719e+01
8.494700292296072064e+01
8.497915323085535988e+01
8.501130353874999912e+01
8.504345384664465257e+01
8.507560415453929181e+01
