2.012762099877931418e-03
1.984762510801823306e-03
1.956921485228295832e-03
1.929239973973447811e-03
1.901718923576932539e-03
1.874359278965972422e-03
1.847161983405174292e-03
1.820127975733039447e-03
1.793258194345816615e-03
1.766553574464873374e-03
1.740015048747578811e-03
1.713643547231788467e-03
1.687439997281535995e-03
1.661405323531562781e-03
1.635540447832912678e-03
1.609846289198498979e-03
1.584323763747898369e-03
1.558973784653394515e-03
1.533797262085357044e-03
1.508795103158275166e-03
1.483968211876295160e-03
1.459317489079512038e-03
1.434843832389859613e-03
1.410548136157795075e-03
1.386431291408215952e-03
1.362494185189886114e-03
1.338737702900783585e-03
1.315162724684433484e-03
1.291770128327309744e-03
1.268560786253978981e-03
1.245535569004740115e-03
1.222695342842543840e-03
1.200040970282852419e-03
1.177573310041690139e-03
1.155293216984219599e-03
1.133201542073195272e-03
1.111299132317598122e-03
1.089586830721975394e-03
1.068065476235354090e-03
1.046735903701186392e-03
1.025598943806714167e-03
1.004655423033287351e-03
9.839061636065526712e-04
9.633519834472395373e-04
9.429936961218259158e-04
9.228321107937988892e-04
9.028680321750189725e-04
8.831022604780144588e-04
8.635355913672053321e-04
8.441688154103858723e-04
8.250027205249291359e-04
8.060380869727911887e-04
7.872756922420912724e-04
7.687163085519711000e-04
7.503607032932995118e-04
7.322096389831740399e-04
7.142638732197731030e-04
6.965241586373005760e-04
6.789912428618457511e-04
6.616658684670683084e-04
6.445487729305833568e-04
6.276406885905320889e-04
6.109423426029198358e-04
5.944544568989285332e-04
5.781777481427542676e-04
5.621129276900328937e-04
5.462607015465735646e-04
5.306217703273360996e-04
5.151968292163469458e-04
4.999865679262677611e-04
4.849916706591686001e-04
4.702128160674235607e-04
4.556506772147981719e-04
4.413059215411770445e-04
4.271792108145155541e-04
4.132712011080965872e-04
3.995825427547042958e-04
3.861138803122442101e-04
3.728658525278782097e-04
3.598390923029140998e-04
3.470342266577353032e-04
3.344518766974569676e-04
3.220926575779555260e-04
3.099571784727157462e-04
2.980460425397084083e-04
2.863598468891608234e-04
2.748991825516200319e-04
2.636646344467092414e-04
2.526567813523384904e-04
2.418761958742804722e-04
2.313234444164582180e-04
2.209990871518761185e-04
2.109036779937663233e-04
2.010377645674996366e-04
1.914018881830566491e-04
1.819965840680229472e-04
1.728223800511962901e-04
1.638797990954514515e-04
1.551693567342402155e-04
1.466915623057529945e-04
1.384469186787275956e-04
1.304359222288637311e-04
1.226590628156567077e-04
1.151168237598375918e-04
1.078096818214686257e-04
1.007381071785035635e-04
9.390256340598010986e-05
8.730350745565961998e-05
8.094138963666770747e-05
7.481665359612466081e-05
6.892973630083062595e-05
6.328106801941000268e-05
5.787107230484281990e-05
5.270016597792928365e-05
4.776875911112140222e-05
4.307725501301919993e-05
3.862605021343232215e-05
3.441553456659531641e-05
3.044609076375848436e-05
2.671809503582313130e-05
2.323191656280997527e-05
1.998791797768928574e-05
1.698645475636155486e-05
1.422787561020598741e-05
1.171252237417526651e-05
9.440729997317434446e-06
7.412826533947309785e-06
5.629133135302962137e-06
4.089964041931160384e-06
2.795626576630819126e-06
1.746421137978092912e-06
9.426411945012046604e-07
3.845732794398343962e-07
7.249698612383905522e-08
6.684963938981618467e-09
1.874029149211803649e-07
6.149095909398083470e-07
1.289456791493033486e-06
2.211289362105085090e-06
3.380645155140808515e-06
4.797755173502184614e-06
6.462843367178953139e-06
8.376126761797712898e-06
1.053781549788158927e-05
1.294811257087573744e-05
1.560721421294390359e-05
1.851530965225385182e-05
2.167258117553295634e-05
2.507920413251188372e-05
2.873534694081975044e-05
3.264117109158611756e-05
3.679683115553663289e-05
4.120247478973667021e-05
4.585824274483680504e-05
5.076426887304922230e-05
5.592068013649404014e-05
6.132759661624234888e-05
6.698513152198932725e-05
7.289339120213242341e-05
7.905247515457237343e-05
8.546247603790748716e-05
9.212347968340000106e-05
9.903556488726402980e-05
1.061988042894592538e-04
1.136132631095260399e-04
1.212789999987907237e-04
1.291960668487737642e-04
1.373645090662193354e-04
1.457843645646213150e-04
1.544556652942447820e-04
1.633784362642725849e-04
1.725526958051355113e-04
1.819784555863531057e-04
1.916557206348550057e-04
2.015844893538541098e-04
2.117647535421158318e-04
2.221964984138685251e-04
2.328797026192010655e-04
2.438143382649028711e-04
2.550003709357284948e-04
2.664377597162970982e-04
2.781264572135386357e-04
2.900664095794290858e-04
3.022575565342521713e-04
3.146998309852137355e-04
3.273931606511368037e-04
3.403374657158919755e-04
3.535326604154271409e-04
3.669786526773549879e-04
3.806753441472314069e-04
3.946226306686898694e-04
4.088204005165422465e-04
4.232685370841840120e-04
4.379669171580987904e-04
4.529154113794131966e-04
4.681138842727353665e-04
4.835621942750980055e-04
4.992601937654361647e-04
5.152077290945299235e-04
5.314046406152228390e-04
5.478507627131863449e-04
5.645459238378419025e-04
5.814899465339067302e-04
5.986826474733068608e-04
6.161238374869335314e-04
6.338133215976728607e-04
6.517508990533702569e-04
6.699363627332776501e-04
6.883695016603330477e-04
7.070500973569900658e-04
7.259779263058792689e-04
7.451527593843839444e-04
7.645743618991932998e-04
7.842424936215530197e-04
8.041569095081968271e-04
8.243173570254701439e-04
8.447235802116100090e-04
8.653753170561749759e-04
8.862723001944096011e-04
9.074142569441365908e-04
9.288009093436505343e-04
9.504319741887449265e-04
9.723071630711695775e-04
9.944261824162722689e-04
1.016788733521698483e-03
1.039394512596324236e-03
1.062243210798377059e-03
1.085334514275230556e-03
1.108668104202803874e-03
1.132243655988556018e-03
1.156060842623343700e-03
1.180119329801950379e-03
1.204418779211611969e-03
1.228958847768122677e-03
1.253739187656084057e-03
1.278759446370389191e-03
1.304019266756843189e-03
1.329518287957203240e-03
1.355256141868655707e-03
1.381232458508977563e-03
1.407446862541224123e-03
1.433898974187298178e-03
1.460588409269317949e-03
1.487514779252407070e-03
1.514677691286343136e-03
1.542076748248559547e-03
1.569711548786097838e-03
1.597581687358708407e-03
1.625686754281463345e-03
1.654026335767215094e-03
1.682600013970463699e-03
1.711407365976058128e-03
1.740447968017492337e-03
1.769721389315212804e-03
1.799227196219512891e-03
1.828964951237378560e-03
1.858934213077134733e-03
1.889134536690775584e-03
1.919565473318363049e-03
1.950226570531122779e-03
1.981117372275739870e-03
2.012237420088897749e-03
2.043586248496402288e-03
2.075163391963955311e-03
2.106968380375571614e-03
2.139000740209113897e-03
2.171259994580264103e-03
2.203745663286085787e-03
2.236457262849232252e-03
2.269394306561034469e-03
2.302556304526438662e-03
2.335942763706684404e-03
2.369553187963666704e-03
2.403387078103792849e-03
2.437443930600223692e-03
2.471723242874620911e-03
2.506224505552628445e-03
2.540947207654246660e-03
2.575890835363058191e-03
2.611054872067960619e-03
2.646438798408043327e-03
2.682042092314462431e-03
2.717864229055318940e-03
2.753904681278195911e-03
2.790162920465304348e-03
2.826638411376232798e-03
2.863330620421142281e-03
2.900239010196883037e-03
2.937363040894437703e-03
2.974702170342028319e-03
3.012255854047858616e-03
3.050023545242487675e-03
3.088004694921522332e-03
3.126198751886812531e-03
3.164605162790619115e-03
3.203223372175902778e-03
3.242052820965380788e-03
3.281092952663970490e-03
3.320343204237385156e-03
3.359803012211678031e-03
3.399471811212473327e-03
3.439349034005389182e-03
3.479434111538981609e-03
3.519726472983785315e-03
3.560225545773723285e-03
3.600930755647226665e-03
3.641841526686921768e-03
3.682957281360451588e-03
3.724277442272468878e-03
3.765801425410851555e-03
3.807528650295598747e-03
3.849458533332245601e-03
3.891590489510142383e-03
3.933923932440400693e-03
3.976458274396907529e-03
4.019192926353115300e-03
4.062127298021756157e-03
4.105260797892903990e-03
4.148592833272283197e-03
4.192122808473403191e-03
4.235850132178035216e-03
4.279774206579202607e-03
4.323894434622666851e-03
4.368210218258611680e-03
4.412720958476704439e-03
4.457426055344391840e-03
4.502324908042954453e-03
4.547416914903058133e-03
4.592701473441977711e-03
4.638177980398128404e-03
4.683845831768464717e-03
4.729704424810035612e-03
4.775753150265525486e-03
4.821991404021981099e-03
4.868418579456836037e-03
4.915034069379603174e-03
4.961837266064777173e-03
5.008827561287346880e-03
5.056004346356457631e-03
5.103367012147103782e-03
5.150914949134915988e-03
5.198647547429774071e-03
5.246564194652617377e-03
5.294664284512995769e-03
5.342947204128462198e-03
5.391412342464319864e-03
5.440059088280753061e-03
5.488886830162358239e-03
5.537894956550166135e-03
5.587082855772352447e-03
5.636449916076931299e-03
5.685995525658461315e-03
5.735719072689377321e-03
5.785619945352433145e-03
5.835697531866251495e-03
5.885951222815111357e-03
5.936380402057826917e-03
5.986984460330933844e-03
6.037762786294005937e-03
6.088714768790861112e-03
6.139839796871462280e-03
6.191137259826180739e-03
6.242606547209195861e-03
6.294247048865020747e-03
6.346058152563180746e-03
6.398039253526826599e-03
6.450189740314913808e-03
6.502509004205821522e-03
6.554996436901681066e-03
6.607651430552260487e-03
6.660473377781412144e-03
6.713461671712783914e-03
6.766615705993642149e-03
6.819934874818567132e-03
6.873418572955825208e-03
6.927066195767847198e-03
6.980877139237654308e-03
7.034850799992353222e-03
7.088986577887099530e-03
7.143283865852441232e-03
7.197742065068614588e-03
7.252360574962627218e-03
7.307138795715074041e-03
7.362076128283423331e-03
7.417171974424872569e-03
7.472425736716649045e-03
7.527836818575036303e-03
7.583404621563771993e-03
7.639128556188088011e-03
7.695008025875449929e-03
7.751042437608931385e-03
7.807231199312114102e-03
7.863573719866954678e-03
7.920069409137673461e-03
7.976717677983318280e-03
8.033517938281491133e-03
8.090469602942160915e-03
8.147572085929399507e-03
8.204824802278097573e-03
8.262227168106699160e-03
8.319778600643817565e-03
8.377478518234218394e-03
8.435326343280875883e-03
8.493321490678959126e-03
8.551463385069367484e-03
8.609751449450704641e-03
8.668185108021883231e-03
8.726763786199489420e-03
8.785486910633112656e-03
8.844353909219757753e-03
8.903364208077406416e-03
8.962517243631592037e-03
9.021812444657131141e-03
9.081249244182751715e-03
9.140827076557937747e-03
9.200545377460685181e-03
9.260403583915411199e-03
9.320401134304510948e-03
9.380537468377346880e-03
9.440812027268791207e-03
9.501224253505819589e-03
9.561773591022965785e-03
9.622459485174358895e-03
9.683281382741023083e-03
9.744238731946897741e-03
9.805330985653637824e-03
9.866557588718197214e-03
9.927917996848311874e-03
9.989411664136456023e-03
1.005103804617231249e-02
1.011279660004654572e-02
1.017468678436378622e-02
1.023670805925071953e-02
1.029885988299142525e-02
1.036114172543363757e-02
1.042355304804975027e-02
1.048609331714579762e-02
1.054876200059440793e-02
1.061155856784368710e-02
1.067448248992397888e-02
1.073753323945389471e-02
1.080071029065191035e-02
1.086401311933929761e-02
1.092744120295257443e-02
1.099099402054419181e-02
1.105467105279263340e-02
1.111847178201155577e-02
1.118239569214787323e-02
1.124644226879692802e-02
1.131061100276045152e-02
1.137490137592906715e-02
1.143931288232061770e-02
1.150384501416597954e-02
1.156849726536754268e-02
1.163326913150386673e-02
1.169816010983598838e-02
1.176316969560061224e-02
1.182829739675144917e-02
1.189354271201732184e-02
1.195890514542962378e-02
1.202438420272775033e-02
1.208997939135425179e-02
1.215569022046322084e-02
1.222151620092495200e-02
1.228745684532319901e-02
1.235351166796352582e-02
1.241968018487596241e-02
1.248596191381553047e-02
1.255235637426564167e-02
1.261886308743837178e-02
1.268548157628325221e-02
1.275221136548192712e-02
1.281905198145464123e-02
1.288600295629700743e-02
1.295306381214448438e-02
1.302023408446741255e-02
1.308751330665024540e-02
1.315490101382109367e-02
1.322239674285717592e-02
1.329000002832675387e-02
1.335771041858606518e-02
1.342552745181370237e-02
1.349345067187282532e-02
1.356147962438029875e-02
1.362961385669801163e-02
1.369785291793832599e-02
1.376619635896080343e-02
1.383464373237850917e-02
1.390319459254864623e-02
1.397184849557792270e-02
1.404060499932336878e-02
1.410946366338343069e-02
1.417842404910890121e-02
1.424748571959274027e-02
1.431664823967275860e-02
1.438591117592893757e-02
1.445527410089618957e-02
1.452473657633273491e-02
1.459429817813955553e-02
1.466395847985405010e-02
