268850
168240
316835
181131
220721
529953
194645
657659
152831
204521
214524
671855
187345
449753
233326
159138
567961
318637
257845
176037
436845
137633
725751
207123
188448
877269
107321
146533
616645
134324
520228
199453
188549
525541
310621
211922
433839
102311
119126
465852
198855
109830
432332
387959
173738
200311
618952
137229
153227
395251
155938
299154
285446
160830
149236
587664
663755
113922
622236
112112
228434
159340
106016
173536
397154
770352
132017
186444
257542
656657
749058
585256
173940
112314
175742
159441
186141
380036
101915
192136
150625
198249
144731
154532
127630
667056
248339
654350
134728
110007
101309
185442
122822
130417
656253
149842
146937
208125
195950
116524
459453
204622
146432
561444
164030
144125
101006
604537
182436
204319
171633
108121
211316
393550
690152
135528
110613
129129
141826
679568
118124
393247
139233
352132
789373
197348
580044
386250
150928
573249
308331
201515
250932
206222
136732
529549
212015
297655
188751
567052
178950
295146
175035
553344
735148
189450
100206
175237
175338
154936
141119
140117
170631
833249
209228
121416
633847
211215
163331
180129
202719
562345
837560
102513
154835
169949
195849
695768
599671
724446
753150
510326
173839
599065
664757
108222
194746
181232
134021
147030
316633
154229
100610
195445
555651
135730
183034
203418
611938
112920
134425
203923
146129
303119
782561
200008
133019
129634
395756
191033
300618
227432
555348
131217
571144
199958
412528
645450
679770
131823
309636
210415
580751
212419
130316
381038
179346
167238
792867
377451
163836
524135
568963
192035
213421
769064
157942
162733
124826
304727
164939
715950
361941
744553
660951
495255
148133
208327
173435
597869
155635
172938
134223
731140
118528
576255
107422
181636
517239
154734
479762
192843
139839
336841
